1 262144
1 262176
1 262208
1 262240
1 262272
1 262304
1 262336
1 262368
1 262400
1 262432
1 262464
1 262496
1 262528
1 262560
1 262592
1 262624
1 262656
1 262688
1 262720
1 262752
1 262784
1 262816
1 262848
1 262880
1 262912
1 262944
1 262976
1 263008
1 263040
1 263072
1 263104
1 263136
1 263168
1 263200
1 263232
1 263264
1 263296
1 263328
1 263360
1 263392
1 263424
1 263456
1 263488
1 263520
1 263552
1 263584
1 263616
1 263648
1 263680
1 263712
1 263744
1 263776
1 263808
1 263840
1 263872
1 263904
1 263936
1 263968
1 264000
1 264032
1 264064
1 264096
1 264128
1 264160
1 264192
1 264224
1 264256
1 264288
1 264320
1 264352
1 264384
1 264416
1 264448
1 264480
1 264512
1 264544
1 264576
1 264608
1 264640
1 264672
1 264704
1 264736
1 264768
1 264800
1 264832
1 264864
1 264896
1 264928
1 264960
1 264992
1 265024
1 265056
1 265088
1 265120
1 265152
1 265184
1 265216
1 265248
1 265280
1 265312
1 265344
1 265376
1 265408
1 265440
1 265472
1 265504
1 265536
1 265568
1 265600
1 265632
1 265664
1 265696
1 265728
1 265760
1 265792
1 265824
1 265856
1 265888
1 265920
1 265952
1 265984
1 266016
1 266048
1 266080
1 266112
1 266144
1 266176
1 266208
1 266240
1 266272
1 266304
1 266336
1 266368
1 266400
1 266432
1 266464
1 266496
1 266528
1 266560
1 266592
1 266624
1 266656
1 266688
1 266720
1 266752
1 266784
1 266816
1 266848
1 266880
1 266912
1 266944
1 266976
1 267008
1 267040
1 267072
1 267104
1 267136
1 267168
1 267200
1 267232
1 267264
1 267296
1 267328
1 267360
1 267392
1 267424
1 267456
1 267488
1 267520
1 267552
1 267584
1 267616
1 267648
1 267680
1 267712
1 267744
1 267776
1 267808
1 267840
1 267872
1 267904
1 267936
1 267968
1 268000
1 268032
1 268064
1 268096
1 268128
1 268160
1 268192
1 268224
1 268256
1 268288
1 268320
1 268352
1 268384
1 268416
1 268448
1 268480
1 268512
1 268544
1 268576
1 268608
1 268640
1 268672
1 268704
1 268736
1 268768
1 268800
1 268832
1 268864
1 268896
1 268928
1 268960
1 268992
1 269024
1 269056
1 269088
1 269120
1 269152
1 269184
1 269216
1 269248
1 269280
1 269312
1 269344
1 269376
1 269408
1 269440
1 269472
1 269504
1 269536
1 269568
1 269600
1 269632
1 269664
1 269696
1 269728
1 269760
1 269792
1 269824
1 269856
1 269888
1 269920
1 269952
1 269984
1 270016
1 270048
1 270080
1 270112
1 270144
1 270176
1 270208
1 270240
1 270272
1 270304
1 270336
1 270368
1 270400
1 270432
1 270464
1 270496
1 270528
1 270560
1 270592
1 270624
1 270656
1 270688
1 270720
1 270752
1 270784
1 270816
1 270848
1 270880
1 270912
1 270944
1 270976
1 271008
1 271040
1 271072
1 271104
1 271136
1 271168
1 271200
1 271232
1 271264
1 271296
1 271328
1 271360
1 271392
1 271424
1 271456
1 271488
1 271520
1 271552
1 271584
1 271616
1 271648
1 271680
1 271712
1 271744
1 271776
1 271808
1 271840
1 271872
1 271904
1 271936
1 271968
1 272000
1 272032
1 272064
1 272096
1 272128
1 272160
1 272192
1 272224
1 272256
1 272288
1 272320
1 272352
1 272384
1 272416
1 272448
1 272480
1 272512
1 272544
1 272576
1 272608
1 272640
1 272672
1 272704
1 272736
1 272768
1 272800
1 272832
1 272864
1 272896
1 272928
1 272960
1 272992
1 273024
1 273056
1 273088
1 273120
1 273152
1 273184
1 273216
1 273248
1 273280
1 273312
1 273344
1 273376
1 273408
1 273440
1 273472
1 273504
1 273536
1 273568
1 273600
1 273632
1 273664
1 273696
1 273728
1 273760
1 273792
1 273824
1 273856
1 273888
1 273920
1 273952
1 273984
1 274016
1 274048
1 274080
1 274112
1 274144
1 274176
1 274208
1 274240
1 274272
1 274304
1 274336
1 274368
1 274400
1 274432
1 274464
1 274496
1 274528
1 274560
1 274592
1 274624
1 274656
1 274688
1 274720
1 274752
1 274784
1 274816
1 274848
1 274880
1 274912
1 274944
1 274976
1 275008
1 275040
1 275072
1 275104
1 275136
1 275168
1 275200
1 275232
1 275264
1 275296
1 275328
1 275360
1 275392
1 275424
1 275456
1 275488
1 275520
1 275552
1 275584
1 275616
1 275648
1 275680
1 275712
1 275744
1 275776
1 275808
1 275840
1 275872
1 275904
1 275936
1 275968
1 276000
1 276032
1 276064
1 276096
1 276128
1 276160
1 276192
1 276224
1 276256
1 276288
1 276320
1 276352
1 276384
1 276416
1 276448
1 276480
1 276512
1 276544
1 276576
1 276608
1 276640
1 276672
1 276704
1 276736
1 276768
1 276800
1 276832
1 276864
1 276896
1 276928
1 276960
1 276992
1 277024
1 277056
1 277088
1 277120
1 277152
1 277184
1 277216
1 277248
1 277280
1 277312
1 277344
1 277376
1 277408
1 277440
1 277472
1 277504
1 277536
1 277568
1 277600
1 277632
1 277664
1 277696
1 277728
1 277760
1 277792
1 277824
1 277856
1 277888
1 277920
1 277952
1 277984
1 278016
1 278048
1 278080
1 278112
1 278144
1 278176
1 278208
1 278240
1 278272
1 278304
1 278336
1 278368
1 278400
1 278432
1 278464
1 278496
1 278528
1 278560
1 278592
1 278624
1 278656
1 278688
1 278720
1 278752
1 278784
1 278816
1 278848
1 278880
1 278912
1 278944
1 278976
1 279008
1 279040
1 279072
1 279104
1 279136
1 279168
1 279200
1 279232
1 279264
1 279296
1 279328
1 279360
1 279392
1 279424
1 279456
1 279488
1 279520
1 279552
1 279584
1 279616
1 279648
1 279680
1 279712
1 279744
1 279776
1 279808
1 279840
1 279872
1 279904
1 279936
1 279968
1 280000
1 280032
1 280064
1 280096
1 280128
1 280160
1 280192
1 280224
1 280256
1 280288
1 280320
1 280352
1 280384
1 280416
1 280448
1 280480
1 280512
1 280544
1 280576
1 280608
1 280640
1 280672
1 280704
1 280736
1 280768
1 280800
1 280832
1 280864
1 280896
1 280928
1 280960
1 280992
1 281024
1 281056
1 281088
1 281120
1 281152
1 281184
1 281216
1 281248
1 281280
1 281312
1 281344
1 281376
1 281408
1 281440
1 281472
1 281504
1 281536
1 281568
1 281600
1 281632
1 281664
1 281696
1 281728
1 281760
1 281792
1 281824
1 281856
1 281888
1 281920
1 281952
1 281984
1 282016
1 282048
1 282080
1 282112
1 282144
1 282176
1 282208
1 282240
1 282272
1 282304
1 282336
1 282368
1 282400
1 282432
1 282464
1 282496
1 282528
1 282560
1 282592
1 282624
1 282656
1 282688
1 282720
1 282752
1 282784
1 282816
1 282848
1 282880
1 282912
1 282944
1 282976
1 283008
1 283040
1 283072
1 283104
1 283136
1 283168
1 283200
1 283232
1 283264
1 283296
1 283328
1 283360
1 283392
1 283424
1 283456
1 283488
1 283520
1 283552
1 283584
1 283616
1 283648
1 283680
1 283712
1 283744
1 283776
1 283808
1 283840
1 283872
1 283904
1 283936
1 283968
1 284000
1 284032
1 284064
1 284096
1 284128
1 284160
1 284192
1 284224
1 284256
1 284288
1 284320
1 284352
1 284384
1 284416
1 284448
1 284480
1 284512
1 284544
1 284576
1 284608
1 284640
1 284672
1 284704
1 284736
1 284768
1 284800
1 284832
1 284864
1 284896
1 284928
1 284960
1 284992
1 285024
1 285056
1 285088
1 285120
1 285152
1 285184
1 285216
1 285248
1 285280
1 285312
1 285344
1 285376
1 285408
1 285440
1 285472
1 285504
1 285536
1 285568
1 285600
1 285632
1 285664
1 285696
1 285728
1 285760
1 285792
1 285824
1 285856
1 285888
1 285920
1 285952
1 285984
1 286016
1 286048
1 286080
1 286112
1 286144
1 286176
1 286208
1 286240
1 286272
1 286304
1 286336
1 286368
1 286400
1 286432
1 286464
1 286496
1 286528
1 286560
1 286592
1 286624
1 286656
1 286688
1 286720
1 286752
1 286784
1 286816
1 286848
1 286880
1 286912
1 286944
1 286976
1 287008
1 287040
1 287072
1 287104
1 287136
1 287168
1 287200
1 287232
1 287264
1 287296
1 287328
1 287360
1 287392
1 287424
1 287456
1 287488
1 287520
1 287552
1 287584
1 287616
1 287648
1 287680
1 287712
1 287744
1 287776
1 287808
1 287840
1 287872
1 287904
1 287936
1 287968
1 288000
1 288032
1 288064
1 288096
1 288128
1 288160
1 288192
1 288224
1 288256
1 288288
1 288320
1 288352
1 288384
1 288416
1 288448
1 288480
1 288512
1 288544
1 288576
1 288608
1 288640
1 288672
1 288704
1 288736
1 288768
1 288800
1 288832
1 288864
1 288896
1 288928
1 288960
1 288992
1 289024
1 289056
1 289088
1 289120
1 289152
1 289184
1 289216
1 289248
1 289280
1 289312
1 289344
1 289376
1 289408
1 289440
1 289472
1 289504
1 289536
1 289568
1 289600
1 289632
1 289664
1 289696
1 289728
1 289760
1 289792
1 289824
1 289856
1 289888
1 289920
1 289952
1 289984
1 290016
1 290048
1 290080
1 290112
1 290144
1 290176
1 290208
1 290240
1 290272
1 290304
1 290336
1 290368
1 290400
1 290432
1 290464
1 290496
1 290528
1 290560
1 290592
1 290624
1 290656
1 290688
1 290720
1 290752
1 290784
1 290816
1 290848
1 290880
1 290912
1 290944
1 290976
1 291008
1 291040
1 291072
1 291104
1 291136
1 291168
1 291200
1 291232
1 291264
1 291296
1 291328
1 291360
1 291392
1 291424
1 291456
1 291488
1 291520
1 291552
1 291584
1 291616
1 291648
1 291680
1 291712
1 291744
1 291776
1 291808
1 291840
1 291872
1 291904
1 291936
1 291968
1 292000
1 292032
1 292064
1 292096
1 292128
1 292160
1 292192
1 292224
1 292256
1 292288
1 292320
1 292352
1 292384
1 292416
1 292448
1 292480
1 292512
1 292544
1 292576
1 292608
1 292640
1 292672
1 292704
1 292736
1 292768
1 292800
1 292832
1 292864
1 292896
1 292928
1 292960
1 292992
1 293024
1 293056
1 293088
1 293120
1 293152
1 293184
1 293216
1 293248
1 293280
1 293312
1 293344
1 293376
1 293408
1 293440
1 293472
1 293504
1 293536
1 293568
1 293600
1 293632
1 293664
1 293696
1 293728
1 293760
1 293792
1 293824
1 293856
1 293888
1 293920
1 293952
1 293984
1 294016
1 294048
1 294080
1 294112
1 294144
1 294176
1 294208
1 294240
1 294272
1 294304
1 294336
1 294368
1 294400
1 294432
1 294464
1 294496
1 294528
1 294560
1 294592
1 294624
1 294656
1 294688
1 294720
1 294752
1 294784
1 294816
1 294848
1 294880
1 294912
1 294944
1 294976
1 295008
1 295040
1 295072
1 295104
1 295136
1 295168
1 295200
1 295232
1 295264
1 295296
1 295328
1 295360
1 295392
1 295424
1 295456
1 295488
1 295520
1 295552
1 295584
1 295616
1 295648
1 295680
1 295712
1 295744
1 295776
1 295808
1 295840
1 295872
1 295904
1 295936
1 295968
1 296000
1 296032
1 296064
1 296096
1 296128
1 296160
1 296192
1 296224
1 296256
1 296288
1 296320
1 296352
1 296384
1 296416
1 296448
1 296480
1 296512
1 296544
1 296576
1 296608
1 296640
1 296672
1 296704
1 296736
1 296768
1 296800
1 296832
1 296864
1 296896
1 296928
1 296960
1 296992
1 297024
1 297056
1 297088
1 297120
1 297152
1 297184
1 297216
1 297248
1 297280
1 297312
1 297344
1 297376
1 297408
1 297440
1 297472
1 297504
1 297536
1 297568
1 297600
1 297632
1 297664
1 297696
1 297728
1 297760
1 297792
1 297824
1 297856
1 297888
1 297920
1 297952
1 297984
1 298016
1 298048
1 298080
1 298112
1 298144
1 298176
1 298208
1 298240
1 298272
1 298304
1 298336
1 298368
1 298400
1 298432
1 298464
1 298496
1 298528
1 298560
1 298592
1 298624
1 298656
1 298688
1 298720
1 298752
1 298784
1 298816
1 298848
1 298880
1 298912
1 298944
1 298976
1 299008
1 299040
1 299072
1 299104
1 299136
1 299168
1 299200
1 299232
1 299264
1 299296
1 299328
1 299360
1 299392
1 299424
1 299456
1 299488
1 299520
1 299552
1 299584
1 299616
1 299648
1 299680
1 299712
1 299744
1 299776
1 299808
1 299840
1 299872
1 299904
1 299936
1 299968
1 300000
1 300032
1 300064
1 300096
1 300128
1 300160
1 300192
1 300224
1 300256
1 300288
1 300320
1 300352
1 300384
1 300416
1 300448
1 300480
1 300512
1 300544
1 300576
1 300608
1 300640
1 300672
1 300704
1 300736
1 300768
1 300800
1 300832
1 300864
1 300896
1 300928
1 300960
1 300992
1 301024
1 301056
1 301088
1 301120
1 301152
1 301184
1 301216
1 301248
1 301280
1 301312
1 301344
1 301376
1 301408
1 301440
1 301472
1 301504
1 301536
1 301568
1 301600
1 301632
1 301664
1 301696
1 301728
1 301760
1 301792
1 301824
1 301856
1 301888
1 301920
1 301952
1 301984
1 302016
1 302048
1 302080
1 302112
1 302144
1 302176
1 302208
1 302240
1 302272
1 302304
1 302336
1 302368
1 302400
1 302432
1 302464
1 302496
1 302528
1 302560
1 302592
1 302624
1 302656
1 302688
1 302720
1 302752
1 302784
1 302816
1 302848
1 302880
1 302912
1 302944
1 302976
1 303008
1 303040
1 303072
1 303104
1 303136
1 303168
1 303200
1 303232
1 303264
1 303296
1 303328
1 303360
1 303392
1 303424
1 303456
1 303488
1 303520
1 303552
1 303584
1 303616
1 303648
1 303680
1 303712
1 303744
1 303776
1 303808
1 303840
1 303872
1 303904
1 303936
1 303968
1 304000
1 304032
1 304064
1 304096
1 304128
1 304160
1 304192
1 304224
1 304256
1 304288
1 304320
1 304352
1 304384
1 304416
1 304448
1 304480
1 304512
1 304544
1 304576
1 304608
1 304640
1 304672
1 304704
1 304736
1 304768
1 304800
1 304832
1 304864
1 304896
1 304928
1 304960
1 304992
1 305024
1 305056
1 305088
1 305120
1 305152
1 305184
1 305216
1 305248
1 305280
1 305312
1 305344
1 305376
1 305408
1 305440
1 305472
1 305504
1 305536
1 305568
1 305600
1 305632
1 305664
1 305696
1 305728
1 305760
1 305792
1 305824
1 305856
1 305888
1 305920
1 305952
1 305984
1 306016
1 306048
1 306080
1 306112
1 306144
1 306176
1 306208
1 306240
1 306272
1 306304
1 306336
1 306368
1 306400
1 306432
1 306464
1 306496
1 306528
1 306560
1 306592
1 306624
1 306656
1 306688
1 306720
1 306752
1 306784
1 306816
1 306848
1 306880
1 306912
1 306944
1 306976
1 307008
1 307040
1 307072
1 307104
1 307136
1 307168
1 307200
1 307232
1 307264
1 307296
1 307328
1 307360
1 307392
1 307424
1 307456
1 307488
1 307520
1 307552
1 307584
1 307616
1 307648
1 307680
1 307712
1 307744
1 307776
1 307808
1 307840
1 307872
1 307904
1 307936
1 307968
1 308000
1 308032
1 308064
1 308096
1 308128
1 308160
1 308192
1 308224
1 308256
1 308288
1 308320
1 308352
1 308384
1 308416
1 308448
1 308480
1 308512
1 308544
1 308576
1 308608
1 308640
1 308672
1 308704
1 308736
1 308768
1 308800
1 308832
1 308864
1 308896
1 308928
1 308960
1 308992
1 309024
1 309056
1 309088
1 309120
1 309152
1 309184
1 309216
1 309248
1 309280
1 309312
1 309344
1 309376
1 309408
1 309440
1 309472
1 309504
1 309536
1 309568
1 309600
1 309632
1 309664
1 309696
1 309728
1 309760
1 309792
1 309824
1 309856
1 309888
1 309920
1 309952
1 309984
1 310016
1 310048
1 310080
1 310112
1 310144
1 310176
1 310208
1 310240
1 310272
1 310304
1 310336
1 310368
1 310400
1 310432
1 310464
1 310496
1 310528
1 310560
1 310592
1 310624
1 310656
1 310688
1 310720
1 310752
1 310784
1 310816
1 310848
1 310880
1 310912
1 310944
1 310976
1 311008
1 311040
1 311072
1 311104
1 311136
1 311168
1 311200
1 311232
1 311264
1 311296
1 311328
1 311360
1 311392
1 311424
1 311456
1 311488
1 311520
1 311552
1 311584
1 311616
1 311648
1 311680
1 311712
1 311744
1 311776
1 311808
1 311840
1 311872
1 311904
1 311936
1 311968
1 312000
1 312032
1 312064
1 312096
1 312128
1 312160
1 312192
1 312224
1 312256
1 312288
1 312320
1 312352
1 312384
1 312416
1 312448
1 312480
1 312512
1 312544
1 312576
1 312608
1 312640
1 312672
1 312704
1 312736
1 312768
1 312800
1 312832
1 312864
1 312896
1 312928
1 312960
1 312992
1 313024
1 313056
1 313088
1 313120
1 313152
1 313184
1 313216
1 313248
1 313280
1 313312
1 313344
1 313376
1 313408
1 313440
1 313472
1 313504
1 313536
1 313568
1 313600
1 313632
1 313664
1 313696
1 313728
1 313760
1 313792
1 313824
1 313856
1 313888
1 313920
1 313952
1 313984
1 314016
1 314048
1 314080
1 314112
1 314144
1 314176
1 314208
1 314240
1 314272
1 314304
1 314336
1 314368
1 314400
1 314432
1 314464
1 314496
1 314528
1 314560
1 314592
1 314624
1 314656
1 314688
1 314720
1 314752
1 314784
1 314816
1 314848
1 314880
1 314912
1 314944
1 314976
1 315008
1 315040
1 315072
1 315104
1 315136
1 315168
1 315200
1 315232
1 315264
1 315296
1 315328
1 315360
1 315392
1 315424
1 315456
1 315488
1 315520
1 315552
1 315584
1 315616
1 315648
1 315680
1 315712
1 315744
1 315776
1 315808
1 315840
1 315872
1 315904
1 315936
1 315968
1 316000
1 316032
1 316064
1 316096
1 316128
1 316160
1 316192
1 316224
1 316256
1 316288
1 316320
1 316352
1 316384
1 316416
1 316448
1 316480
1 316512
1 316544
1 316576
1 316608
1 316640
1 316672
1 316704
1 316736
1 316768
1 316800
1 316832
1 316864
1 316896
1 316928
1 316960
1 316992
1 317024
1 317056
1 317088
1 317120
1 317152
1 317184
1 317216
1 317248
1 317280
1 317312
1 317344
1 317376
1 317408
1 317440
1 317472
1 317504
1 317536
1 317568
1 317600
1 317632
1 317664
1 317696
1 317728
1 317760
1 317792
1 317824
1 317856
1 317888
1 317920
1 317952
1 317984
1 318016
1 318048
1 318080
1 318112
1 318144
1 318176
1 318208
1 318240
1 318272
1 318304
1 318336
1 318368
1 318400
1 318432
1 318464
1 318496
1 318528
1 318560
1 318592
1 318624
1 318656
1 318688
1 318720
1 318752
1 318784
1 318816
1 318848
1 318880
1 318912
1 318944
1 318976
1 319008
1 319040
1 319072
1 319104
1 319136
1 319168
1 319200
1 319232
1 319264
1 319296
1 319328
1 319360
1 319392
1 319424
1 319456
1 319488
1 319520
1 319552
1 319584
1 319616
1 319648
1 319680
1 319712
1 319744
1 319776
1 319808
1 319840
1 319872
1 319904
1 319936
1 319968
1 320000
1 320032
1 320064
1 320096
1 320128
1 320160
1 320192
1 320224
1 320256
1 320288
1 320320
1 320352
1 320384
1 320416
1 320448
1 320480
1 320512
1 320544
1 320576
1 320608
1 320640
1 320672
1 320704
1 320736
1 320768
1 320800
1 320832
1 320864
1 320896
1 320928
1 320960
1 320992
1 321024
1 321056
1 321088
1 321120
1 321152
1 321184
1 321216
1 321248
1 321280
1 321312
1 321344
1 321376
1 321408
1 321440
1 321472
1 321504
1 321536
1 321568
1 321600
1 321632
1 321664
1 321696
1 321728
1 321760
1 321792
1 321824
1 321856
1 321888
1 321920
1 321952
1 321984
1 322016
1 322048
1 322080
1 322112
1 322144
1 322176
1 322208
1 322240
1 322272
1 322304
1 322336
1 322368
1 322400
1 322432
1 322464
1 322496
1 322528
1 322560
1 322592
1 322624
1 322656
1 322688
1 322720
1 322752
1 322784
1 322816
1 322848
1 322880
1 322912
1 322944
1 322976
1 323008
1 323040
1 323072
1 323104
1 323136
1 323168
1 323200
1 323232
1 323264
1 323296
1 323328
1 323360
1 323392
1 323424
1 323456
1 323488
1 323520
1 323552
1 323584
1 323616
1 323648
1 323680
1 323712
1 323744
1 323776
1 323808
1 323840
1 323872
1 323904
1 323936
1 323968
1 324000
1 324032
1 324064
1 324096
1 324128
1 324160
1 324192
1 324224
1 324256
1 324288
1 324320
1 324352
1 324384
1 324416
1 324448
1 324480
1 324512
1 324544
1 324576
1 324608
1 324640
1 324672
1 324704
1 324736
1 324768
1 324800
1 324832
1 324864
1 324896
1 324928
1 324960
1 324992
1 325024
1 325056
1 325088
1 325120
1 325152
1 325184
1 325216
1 325248
1 325280
1 325312
1 325344
1 325376
1 325408
1 325440
1 325472
1 325504
1 325536
1 325568
1 325600
1 325632
1 325664
1 325696
1 325728
1 325760
1 325792
1 325824
1 325856
1 325888
1 325920
1 325952
1 325984
1 326016
1 326048
1 326080
1 326112
1 326144
1 326176
1 326208
1 326240
1 326272
1 326304
1 326336
1 326368
1 326400
1 326432
1 326464
1 326496
1 326528
1 326560
1 326592
1 326624
1 326656
1 326688
1 326720
1 326752
1 326784
1 326816
1 326848
1 326880
1 326912
1 326944
1 326976
1 327008
1 327040
1 327072
1 327104
1 327136
1 327168
1 327200
1 327232
1 327264
1 327296
1 327328
1 327360
1 327392
1 327424
1 327456
1 327488
1 327520
1 327552
1 327584
1 327616
1 327648
1 327680
1 327712
1 327744
1 327776
1 327808
1 327840
1 327872
1 327904
1 327936
1 327968
1 328000
1 328032
1 328064
1 328096
1 328128
1 328160
1 328192
1 328224
1 328256
1 328288
1 328320
1 328352
1 328384
1 328416
1 328448
1 328480
1 328512
1 328544
1 328576
1 328608
1 328640
1 328672
1 328704
1 328736
1 328768
1 328800
1 328832
1 328864
1 328896
1 328928
1 328960
1 328992
1 329024
1 329056
1 329088
1 329120
1 329152
1 329184
1 329216
1 329248
1 329280
1 329312
1 329344
1 329376
1 329408
1 329440
1 329472
1 329504
1 329536
1 329568
1 329600
1 329632
1 329664
1 329696
1 329728
1 329760
1 329792
1 329824
1 329856
1 329888
1 329920
1 329952
1 329984
1 330016
1 330048
1 330080
1 330112
1 330144
1 330176
1 330208
1 330240
1 330272
1 330304
1 330336
1 330368
1 330400
1 330432
1 330464
1 330496
1 330528
1 330560
1 330592
1 330624
1 330656
1 330688
1 330720
1 330752
1 330784
1 330816
1 330848
1 330880
1 330912
1 330944
1 330976
1 331008
1 331040
1 331072
1 331104
1 331136
1 331168
1 331200
1 331232
1 331264
1 331296
1 331328
1 331360
1 331392
1 331424
1 331456
1 331488
1 331520
1 331552
1 331584
1 331616
1 331648
1 331680
1 331712
1 331744
1 331776
1 331808
1 331840
1 331872
1 331904
1 331936
1 331968
1 332000
1 332032
1 332064
1 332096
1 332128
1 332160
1 332192
1 332224
1 332256
1 332288
1 332320
1 332352
1 332384
1 332416
1 332448
1 332480
1 332512
1 332544
1 332576
1 332608
1 332640
1 332672
1 332704
1 332736
1 332768
1 332800
1 332832
1 332864
1 332896
1 332928
1 332960
1 332992
1 333024
1 333056
1 333088
1 333120
1 333152
1 333184
1 333216
1 333248
1 333280
1 333312
1 333344
1 333376
1 333408
1 333440
1 333472
1 333504
1 333536
1 333568
1 333600
1 333632
1 333664
1 333696
1 333728
1 333760
1 333792
1 333824
1 333856
1 333888
1 333920
1 333952
1 333984
1 334016
1 334048
1 334080
1 334112
1 334144
1 334176
1 334208
1 334240
1 334272
1 334304
1 334336
1 334368
1 334400
1 334432
1 334464
1 334496
1 334528
1 334560
1 334592
1 334624
1 334656
1 334688
1 334720
1 334752
1 334784
1 334816
1 334848
1 334880
1 334912
1 334944
1 334976
1 335008
1 335040
1 335072
1 335104
1 335136
1 335168
1 335200
1 335232
1 335264
1 335296
1 335328
1 335360
1 335392
1 335424
1 335456
1 335488
1 335520
1 335552
1 335584
1 335616
1 335648
1 335680
1 335712
1 335744
1 335776
1 335808
1 335840
1 335872
1 335904
1 335936
1 335968
1 336000
1 336032
1 336064
1 336096
1 336128
1 336160
1 336192
1 336224
1 336256
1 336288
1 336320
1 336352
1 336384
1 336416
1 336448
1 336480
1 336512
1 336544
1 336576
1 336608
1 336640
1 336672
1 336704
1 336736
1 336768
1 336800
1 336832
1 336864
1 336896
1 336928
1 336960
1 336992
1 337024
1 337056
1 337088
1 337120
1 337152
1 337184
1 337216
1 337248
1 337280
1 337312
1 337344
1 337376
1 337408
1 337440
1 337472
1 337504
1 337536
1 337568
1 337600
1 337632
1 337664
1 337696
1 337728
1 337760
1 337792
1 337824
1 337856
1 337888
1 337920
1 337952
1 337984
1 338016
1 338048
1 338080
1 338112
1 338144
1 338176
1 338208
1 338240
1 338272
1 338304
1 338336
1 338368
1 338400
1 338432
1 338464
1 338496
1 338528
1 338560
1 338592
1 338624
1 338656
1 338688
1 338720
1 338752
1 338784
1 338816
1 338848
1 338880
1 338912
1 338944
1 338976
1 339008
1 339040
1 339072
1 339104
1 339136
1 339168
1 339200
1 339232
1 339264
1 339296
1 339328
1 339360
1 339392
1 339424
1 339456
1 339488
1 339520
1 339552
1 339584
1 339616
1 339648
1 339680
1 339712
1 339744
1 339776
1 339808
1 339840
1 339872
1 339904
1 339936
1 339968
1 340000
1 340032
1 340064
1 340096
1 340128
1 340160
1 340192
1 340224
1 340256
1 340288
1 340320
1 340352
1 340384
1 340416
1 340448
1 340480
1 340512
1 340544
1 340576
1 340608
1 340640
1 340672
1 340704
1 340736
1 340768
1 340800
1 340832
1 340864
1 340896
1 340928
1 340960
1 340992
1 341024
1 341056
1 341088
1 341120
1 341152
1 341184
1 341216
1 341248
1 341280
1 341312
1 341344
1 341376
1 341408
1 341440
1 341472
1 341504
1 341536
1 341568
1 341600
1 341632
1 341664
1 341696
1 341728
1 341760
1 341792
1 341824
1 341856
1 341888
1 341920
1 341952
1 341984
1 342016
1 342048
1 342080
1 342112
1 342144
1 342176
1 342208
1 342240
1 342272
1 342304
1 342336
1 342368
1 342400
1 342432
1 342464
1 342496
1 342528
1 342560
1 342592
1 342624
1 342656
1 342688
1 342720
1 342752
1 342784
1 342816
1 342848
1 342880
1 342912
1 342944
1 342976
1 343008
1 343040
1 343072
1 343104
1 343136
1 343168
1 343200
1 343232
1 343264
1 343296
1 343328
1 343360
1 343392
1 343424
1 343456
1 343488
1 343520
1 343552
1 343584
1 343616
1 343648
1 343680
1 343712
1 343744
1 343776
1 343808
1 343840
1 343872
1 343904
1 343936
1 343968
1 344000
1 344032
1 344064
1 344096
1 344128
1 344160
1 344192
1 344224
1 344256
1 344288
1 344320
1 344352
1 344384
1 344416
1 344448
1 344480
1 344512
1 344544
1 344576
1 344608
1 344640
1 344672
1 344704
1 344736
1 344768
1 344800
1 344832
1 344864
1 344896
1 344928
1 344960
1 344992
1 345024
1 345056
1 345088
1 345120
1 345152
1 345184
1 345216
1 345248
1 345280
1 345312
1 345344
1 345376
1 345408
1 345440
1 345472
1 345504
1 345536
1 345568
1 345600
1 345632
1 345664
1 345696
1 345728
1 345760
1 345792
1 345824
1 345856
1 345888
1 345920
1 345952
1 345984
1 346016
1 346048
1 346080
1 346112
1 346144
1 346176
1 346208
1 346240
1 346272
1 346304
1 346336
1 346368
1 346400
1 346432
1 346464
1 346496
1 346528
1 346560
1 346592
1 346624
1 346656
1 346688
1 346720
1 346752
1 346784
1 346816
1 346848
1 346880
1 346912
1 346944
1 346976
1 347008
1 347040
1 347072
1 347104
1 347136
1 347168
1 347200
1 347232
1 347264
1 347296
1 347328
1 347360
1 347392
1 347424
1 347456
1 347488
1 347520
1 347552
1 347584
1 347616
1 347648
1 347680
1 347712
1 347744
1 347776
1 347808
1 347840
1 347872
1 347904
1 347936
1 347968
1 348000
1 348032
1 348064
1 348096
1 348128
1 348160
1 348192
1 348224
1 348256
1 348288
1 348320
1 348352
1 348384
1 348416
1 348448
1 348480
1 348512
1 348544
1 348576
1 348608
1 348640
1 348672
1 348704
1 348736
1 348768
1 348800
1 348832
1 348864
1 348896
1 348928
1 348960
1 348992
1 349024
1 349056
1 349088
1 349120
1 349152
1 349184
1 349216
1 349248
1 349280
1 349312
1 349344
1 349376
1 349408
1 349440
1 349472
1 349504
1 349536
1 349568
1 349600
1 349632
1 349664
1 349696
1 349728
1 349760
1 349792
1 349824
1 349856
1 349888
1 349920
1 349952
1 349984
1 350016
1 350048
1 350080
1 350112
1 350144
1 350176
1 350208
1 350240
1 350272
1 350304
1 350336
1 350368
1 350400
1 350432
1 350464
1 350496
1 350528
1 350560
1 350592
1 350624
1 350656
1 350688
1 350720
1 350752
1 350784
1 350816
1 350848
1 350880
1 350912
1 350944
1 350976
1 351008
1 351040
1 351072
1 351104
1 351136
1 351168
1 351200
1 351232
1 351264
1 351296
1 351328
1 351360
1 351392
1 351424
1 351456
1 351488
1 351520
1 351552
1 351584
1 351616
1 351648
1 351680
1 351712
1 351744
1 351776
1 351808
1 351840
1 351872
1 351904
1 351936
1 351968
1 352000
1 352032
1 352064
1 352096
1 352128
1 352160
1 352192
1 352224
1 352256
1 352288
1 352320
1 352352
1 352384
1 352416
1 352448
1 352480
1 352512
1 352544
1 352576
1 352608
1 352640
1 352672
1 352704
1 352736
1 352768
1 352800
1 352832
1 352864
1 352896
1 352928
1 352960
1 352992
1 353024
1 353056
1 353088
1 353120
1 353152
1 353184
1 353216
1 353248
1 353280
1 353312
1 353344
1 353376
1 353408
1 353440
1 353472
1 353504
1 353536
1 353568
1 353600
1 353632
1 353664
1 353696
1 353728
1 353760
1 353792
1 353824
1 353856
1 353888
1 353920
1 353952
1 353984
1 354016
1 354048
1 354080
1 354112
1 354144
1 354176
1 354208
1 354240
1 354272
1 354304
1 354336
1 354368
1 354400
1 354432
1 354464
1 354496
1 354528
1 354560
1 354592
1 354624
1 354656
1 354688
1 354720
1 354752
1 354784
1 354816
1 354848
1 354880
1 354912
1 354944
1 354976
1 355008
1 355040
1 355072
1 355104
1 355136
1 355168
1 355200
1 355232
1 355264
1 355296
1 355328
1 355360
1 355392
1 355424
1 355456
1 355488
1 355520
1 355552
1 355584
1 355616
1 355648
1 355680
1 355712
1 355744
1 355776
1 355808
1 355840
1 355872
1 355904
1 355936
1 355968
1 356000
1 356032
1 356064
1 356096
1 356128
1 356160
1 356192
1 356224
1 356256
1 356288
1 356320
1 356352
1 356384
1 356416
1 356448
1 356480
1 356512
1 356544
1 356576
1 356608
1 356640
1 356672
1 356704
1 356736
1 356768
1 356800
1 356832
1 356864
1 356896
1 356928
1 356960
1 356992
1 357024
1 357056
1 357088
1 357120
1 357152
1 357184
1 357216
1 357248
1 357280
1 357312
1 357344
1 357376
1 357408
1 357440
1 357472
1 357504
1 357536
1 357568
1 357600
1 357632
1 357664
1 357696
1 357728
1 357760
1 357792
1 357824
1 357856
1 357888
1 357920
1 357952
1 357984
1 358016
1 358048
1 358080
1 358112
1 358144
1 358176
1 358208
1 358240
1 358272
1 358304
1 358336
1 358368
1 358400
1 358432
1 358464
1 358496
1 358528
1 358560
1 358592
1 358624
1 358656
1 358688
1 358720
1 358752
1 358784
1 358816
1 358848
1 358880
1 358912
1 358944
1 358976
1 359008
1 359040
1 359072
1 359104
1 359136
1 359168
1 359200
1 359232
1 359264
1 359296
1 359328
1 359360
1 359392
1 359424
1 359456
1 359488
1 359520
1 359552
1 359584
1 359616
1 359648
1 359680
1 359712
1 359744
1 359776
1 359808
1 359840
1 359872
1 359904
1 359936
1 359968
1 360000
1 360032
1 360064
1 360096
1 360128
1 360160
1 360192
1 360224
1 360256
1 360288
1 360320
1 360352
1 360384
1 360416
1 360448
1 360480
1 360512
1 360544
1 360576
1 360608
1 360640
1 360672
1 360704
1 360736
1 360768
1 360800
1 360832
1 360864
1 360896
1 360928
1 360960
1 360992
1 361024
1 361056
1 361088
1 361120
1 361152
1 361184
1 361216
1 361248
1 361280
1 361312
1 361344
1 361376
1 361408
1 361440
1 361472
1 361504
1 361536
1 361568
1 361600
1 361632
1 361664
1 361696
1 361728
1 361760
1 361792
1 361824
1 361856
1 361888
1 361920
1 361952
1 361984
1 362016
1 362048
1 362080
1 362112
1 362144
1 362176
1 362208
1 362240
1 362272
1 362304
1 362336
1 362368
1 362400
1 362432
1 362464
1 362496
1 362528
1 362560
1 362592
1 362624
1 362656
1 362688
1 362720
1 362752
1 362784
1 362816
1 362848
1 362880
1 362912
1 362944
1 362976
1 363008
1 363040
1 363072
1 363104
1 363136
1 363168
1 363200
1 363232
1 363264
1 363296
1 363328
1 363360
1 363392
1 363424
1 363456
1 363488
1 363520
1 363552
1 363584
1 363616
1 363648
1 363680
1 363712
1 363744
1 363776
1 363808
1 363840
1 363872
1 363904
1 363936
1 363968
1 364000
1 364032
1 364064
1 364096
1 364128
1 364160
1 364192
1 364224
1 364256
1 364288
1 364320
1 364352
1 364384
1 364416
1 364448
1 364480
1 364512
1 364544
1 364576
1 364608
1 364640
1 364672
1 364704
1 364736
1 364768
1 364800
1 364832
1 364864
1 364896
1 364928
1 364960
1 364992
1 365024
1 365056
1 365088
1 365120
1 365152
1 365184
1 365216
1 365248
1 365280
1 365312
1 365344
1 365376
1 365408
1 365440
1 365472
1 365504
1 365536
1 365568
1 365600
1 365632
1 365664
1 365696
1 365728
1 365760
1 365792
1 365824
1 365856
1 365888
1 365920
1 365952
1 365984
1 366016
1 366048
1 366080
1 366112
1 366144
1 366176
1 366208
1 366240
1 366272
1 366304
1 366336
1 366368
1 366400
1 366432
1 366464
1 366496
1 366528
1 366560
1 366592
1 366624
1 366656
1 366688
1 366720
1 366752
1 366784
1 366816
1 366848
1 366880
1 366912
1 366944
1 366976
1 367008
1 367040
1 367072
1 367104
1 367136
1 367168
1 367200
1 367232
1 367264
1 367296
1 367328
1 367360
1 367392
1 367424
1 367456
1 367488
1 367520
1 367552
1 367584
1 367616
1 367648
1 367680
1 367712
1 367744
1 367776
1 367808
1 367840
1 367872
1 367904
1 367936
1 367968
1 368000
1 368032
1 368064
1 368096
1 368128
1 368160
1 368192
1 368224
1 368256
1 368288
1 368320
1 368352
1 368384
1 368416
1 368448
1 368480
1 368512
1 368544
1 368576
1 368608
1 368640
1 368672
1 368704
1 368736
1 368768
1 368800
1 368832
1 368864
1 368896
1 368928
1 368960
1 368992
1 369024
1 369056
1 369088
1 369120
1 369152
1 369184
1 369216
1 369248
1 369280
1 369312
1 369344
1 369376
1 369408
1 369440
1 369472
1 369504
1 369536
1 369568
1 369600
1 369632
1 369664
1 369696
1 369728
1 369760
1 369792
1 369824
1 369856
1 369888
1 369920
1 369952
1 369984
1 370016
1 370048
1 370080
1 370112
1 370144
1 370176
1 370208
1 370240
1 370272
1 370304
1 370336
1 370368
1 370400
1 370432
1 370464
1 370496
1 370528
1 370560
1 370592
1 370624
1 370656
1 370688
1 370720
1 370752
1 370784
1 370816
1 370848
1 370880
1 370912
1 370944
1 370976
1 371008
1 371040
1 371072
1 371104
1 371136
1 371168
1 371200
1 371232
1 371264
1 371296
1 371328
1 371360
1 371392
1 371424
1 371456
1 371488
1 371520
1 371552
1 371584
1 371616
1 371648
1 371680
1 371712
1 371744
1 371776
1 371808
1 371840
1 371872
1 371904
1 371936
1 371968
1 372000
1 372032
1 372064
1 372096
1 372128
1 372160
1 372192
1 372224
1 372256
1 372288
1 372320
1 372352
1 372384
1 372416
1 372448
1 372480
1 372512
1 372544
1 372576
1 372608
1 372640
1 372672
1 372704
1 372736
1 372768
1 372800
1 372832
1 372864
1 372896
1 372928
1 372960
1 372992
1 373024
1 373056
1 373088
1 373120
1 373152
1 373184
1 373216
1 373248
1 373280
1 373312
1 373344
1 373376
1 373408
1 373440
1 373472
1 373504
1 373536
1 373568
1 373600
1 373632
1 373664
1 373696
1 373728
1 373760
1 373792
1 373824
1 373856
1 373888
1 373920
1 373952
1 373984
1 374016
1 374048
1 374080
1 374112
1 374144
1 374176
1 374208
1 374240
1 374272
1 374304
1 374336
1 374368
1 374400
1 374432
1 374464
1 374496
1 374528
1 374560
1 374592
1 374624
1 374656
1 374688
1 374720
1 374752
1 374784
1 374816
1 374848
1 374880
1 374912
1 374944
1 374976
1 375008
1 375040
1 375072
1 375104
1 375136
1 375168
1 375200
1 375232
1 375264
1 375296
1 375328
1 375360
1 375392
1 375424
1 375456
1 375488
1 375520
1 375552
1 375584
1 375616
1 375648
1 375680
1 375712
1 375744
1 375776
1 375808
1 375840
1 375872
1 375904
1 375936
1 375968
1 376000
1 376032
1 376064
1 376096
1 376128
1 376160
1 376192
1 376224
1 376256
1 376288
1 376320
1 376352
1 376384
1 376416
1 376448
1 376480
1 376512
1 376544
1 376576
1 376608
1 376640
1 376672
1 376704
1 376736
1 376768
1 376800
1 376832
1 376864
1 376896
1 376928
1 376960
1 376992
1 377024
1 377056
1 377088
1 377120
1 377152
1 377184
1 377216
1 377248
1 377280
1 377312
1 377344
1 377376
1 377408
1 377440
1 377472
1 377504
1 377536
1 377568
1 377600
1 377632
1 377664
1 377696
1 377728
1 377760
1 377792
1 377824
1 377856
1 377888
1 377920
1 377952
1 377984
1 378016
1 378048
1 378080
1 378112
1 378144
1 378176
1 378208
1 378240
1 378272
1 378304
1 378336
1 378368
1 378400
1 378432
1 378464
1 378496
1 378528
1 378560
1 378592
1 378624
1 378656
1 378688
1 378720
1 378752
1 378784
1 378816
1 378848
1 378880
1 378912
1 378944
1 378976
1 379008
1 379040
1 379072
1 379104
1 379136
1 379168
1 379200
1 379232
1 379264
1 379296
1 379328
1 379360
1 379392
1 379424
1 379456
1 379488
1 379520
1 379552
1 379584
1 379616
1 379648
1 379680
1 379712
1 379744
1 379776
1 379808
1 379840
1 379872
1 379904
1 379936
1 379968
1 380000
1 380032
1 380064
1 380096
1 380128
1 380160
1 380192
1 380224
1 380256
1 380288
1 380320
1 380352
1 380384
1 380416
1 380448
1 380480
1 380512
1 380544
1 380576
1 380608
1 380640
1 380672
1 380704
1 380736
1 380768
1 380800
1 380832
1 380864
1 380896
1 380928
1 380960
1 380992
1 381024
1 381056
1 381088
1 381120
1 381152
1 381184
1 381216
1 381248
1 381280
1 381312
1 381344
1 381376
1 381408
1 381440
1 381472
1 381504
1 381536
1 381568
1 381600
1 381632
1 381664
1 381696
1 381728
1 381760
1 381792
1 381824
1 381856
1 381888
1 381920
1 381952
1 381984
1 382016
1 382048
1 382080
1 382112
1 382144
1 382176
1 382208
1 382240
1 382272
1 382304
1 382336
1 382368
1 382400
1 382432
1 382464
1 382496
1 382528
1 382560
1 382592
1 382624
1 382656
1 382688
1 382720
1 382752
1 382784
1 382816
1 382848
1 382880
1 382912
1 382944
1 382976
1 383008
1 383040
1 383072
1 383104
1 383136
1 383168
1 383200
1 383232
1 383264
1 383296
1 383328
1 383360
1 383392
1 383424
1 383456
1 383488
1 383520
1 383552
1 383584
1 383616
1 383648
1 383680
1 383712
1 383744
1 383776
1 383808
1 383840
1 383872
1 383904
1 383936
1 383968
1 384000
1 384032
1 384064
1 384096
1 384128
1 384160
1 384192
1 384224
1 384256
1 384288
1 384320
1 384352
1 384384
1 384416
1 384448
1 384480
1 384512
1 384544
1 384576
1 384608
1 384640
1 384672
1 384704
1 384736
1 384768
1 384800
1 384832
1 384864
1 384896
1 384928
1 384960
1 384992
1 385024
1 385056
1 385088
1 385120
1 385152
1 385184
1 385216
1 385248
1 385280
1 385312
1 385344
1 385376
1 385408
1 385440
1 385472
1 385504
1 385536
1 385568
1 385600
1 385632
1 385664
1 385696
1 385728
1 385760
1 385792
1 385824
1 385856
1 385888
1 385920
1 385952
1 385984
1 386016
1 386048
1 386080
1 386112
1 386144
1 386176
1 386208
1 386240
1 386272
1 386304
1 386336
1 386368
1 386400
1 386432
1 386464
1 386496
1 386528
1 386560
1 386592
1 386624
1 386656
1 386688
1 386720
1 386752
1 386784
1 386816
1 386848
1 386880
1 386912
1 386944
1 386976
1 387008
1 387040
1 387072
1 387104
1 387136
1 387168
1 387200
1 387232
1 387264
1 387296
1 387328
1 387360
1 387392
1 387424
1 387456
1 387488
1 387520
1 387552
1 387584
1 387616
1 387648
1 387680
1 387712
1 387744
1 387776
1 387808
1 387840
1 387872
1 387904
1 387936
1 387968
1 388000
1 388032
1 388064
1 388096
1 388128
1 388160
1 388192
1 388224
1 388256
1 388288
1 388320
1 388352
1 388384
1 388416
1 388448
1 388480
1 388512
1 388544
1 388576
1 388608
1 388640
1 388672
1 388704
1 388736
1 388768
1 388800
1 388832
1 388864
1 388896
1 388928
1 388960
1 388992
1 389024
1 389056
1 389088
1 389120
1 389152
1 389184
1 389216
1 389248
1 389280
1 389312
1 389344
1 389376
1 389408
1 389440
1 389472
1 389504
1 389536
1 389568
1 389600
1 389632
1 389664
1 389696
1 389728
1 389760
1 389792
1 389824
1 389856
1 389888
1 389920
1 389952
1 389984
1 390016
1 390048
1 390080
1 390112
1 390144
1 390176
1 390208
1 390240
1 390272
1 390304
1 390336
1 390368
1 390400
1 390432
1 390464
1 390496
1 390528
1 390560
1 390592
1 390624
1 390656
1 390688
1 390720
1 390752
1 390784
1 390816
1 390848
1 390880
1 390912
1 390944
1 390976
1 391008
1 391040
1 391072
1 391104
1 391136
1 391168
1 391200
1 391232
1 391264
1 391296
1 391328
1 391360
1 391392
1 391424
1 391456
1 391488
1 391520
1 391552
1 391584
1 391616
1 391648
1 391680
1 391712
1 391744
1 391776
1 391808
1 391840
1 391872
1 391904
1 391936
1 391968
1 392000
1 392032
1 392064
1 392096
1 392128
1 392160
1 392192
1 392224
1 392256
1 392288
1 392320
1 392352
1 392384
1 392416
1 392448
1 392480
1 392512
1 392544
1 392576
1 392608
1 392640
1 392672
1 392704
1 392736
1 392768
1 392800
1 392832
1 392864
1 392896
1 392928
1 392960
1 392992
1 393024
1 393056
1 393088
1 393120
1 393152
1 393184
0 4294443008
0 4294443040
0 4294443072
0 4294443104
0 4294443136
0 4294443168
0 4294443200
0 4294443232
0 4294443264
0 4294443296
0 4294443328
0 4294443360
0 4294443392
0 4294443424
0 4294443456
0 4294443488
1 4293918720
1 4293926912
1 4293935104
1 4293943296
1 4293918752
1 4293926944
1 4293935136
1 4293943328
1 4293918784
1 4293926976
1 4293935168
1 4293943360
1 4293918816
1 4293927008
1 4293935200
1 4293943392
1 4293918848
1 4293927040
1 4293935232
1 4293943424
1 4293918880
1 4293927072
1 4293935264
1 4293943456
1 4293918912
1 4293927104
1 4293935296
1 4293943488
1 4293918944
1 4293927136
1 4293935328
1 4293943520
1 4293918976
1 4293927168
1 4293935360
1 4293943552
1 4293919008
1 4293927200
1 4293935392
1 4293943584
1 4293919040
1 4293927232
1 4293935424
1 4293943616
1 4293919072
1 4293927264
1 4293935456
1 4293943648
1 4293919104
1 4293927296
1 4293935488
1 4293943680
1 4293919136
1 4293927328
1 4293935520
1 4293943712
1 4293919168
1 4293927360
1 4293935552
1 4293943744
1 4293919200
1 4293927392
1 4293935584
1 4293943776
1 4294180864
1 4294180896
1 4294180928
1 4294180960
1 4294180992
1 4294181024
1 4294181056
1 4294181088
1 4294181120
1 4294181152
1 4294181184
1 4294181216
1 4294181248
1 4294181280
1 4294181312
1 4294181344
0 262144
0 270336
0 278528
0 286720
0 294912
0 303104
0 311296
0 319488
0 262176
0 270368
0 278560
0 286752
0 294944
0 303136
0 311328
0 319520
0 262208
0 270400
0 278592
0 286784
0 294976
0 303168
0 311360
0 319552
0 262240
0 270432
0 278624
0 286816
0 295008
0 303200
0 311392
0 319584
0 262272
0 270464
0 278656
0 286848
0 295040
0 303232
0 311424
0 319616
0 262304
0 270496
0 278688
0 286880
0 295072
0 303264
0 311456
0 319648
0 262336
0 270528
0 278720
0 286912
0 295104
0 303296
0 311488
0 319680
0 262368
0 270560
0 278752
0 286944
0 295136
0 303328
0 311520
0 319712
0 262400
0 270592
0 278784
0 286976
0 295168
0 303360
0 311552
0 319744
0 262432
0 270624
0 278816
0 287008
0 295200
0 303392
0 311584
0 319776
0 262464
0 270656
0 278848
0 287040
0 295232
0 303424
0 311616
0 319808
0 262496
0 270688
0 278880
0 287072
0 295264
0 303456
0 311648
0 319840
0 262528
0 270720
0 278912
0 287104
0 295296
0 303488
0 311680
0 319872
0 262560
0 270752
0 278944
0 287136
0 295328
0 303520
0 311712
0 319904
0 262592
0 270784
0 278976
0 287168
0 295360
0 303552
0 311744
0 319936
0 262624
0 270816
0 279008
0 287200
0 295392
0 303584
0 311776
0 319968
0 0
0 8192
0 16384
0 24576
0 32768
0 40960
0 49152
0 57344
0 32
0 8224
0 16416
0 24608
0 32800
0 40992
0 49184
0 57376
0 64
0 8256
0 16448
0 24640
0 32832
0 41024
0 49216
0 57408
0 96
0 8288
0 16480
0 24672
0 32864
0 41056
0 49248
0 57440
0 128
0 8320
0 16512
0 24704
0 32896
0 41088
0 49280
0 57472
0 160
0 8352
0 16544
0 24736
0 32928
0 41120
0 49312
0 57504
0 192
0 8384
0 16576
0 24768
0 32960
0 41152
0 49344
0 57536
0 224
0 8416
0 16608
0 24800
0 32992
0 41184
0 49376
0 57568
0 256
0 8448
0 16640
0 24832
0 33024
0 41216
0 49408
0 57600
0 288
0 8480
0 16672
0 24864
0 33056
0 41248
0 49440
0 57632
0 320
0 8512
0 16704
0 24896
0 33088
0 41280
0 49472
0 57664
0 352
0 8544
0 16736
0 24928
0 33120
0 41312
0 49504
0 57696
0 384
0 8576
0 16768
0 24960
0 33152
0 41344
0 49536
0 57728
0 416
0 8608
0 16800
0 24992
0 33184
0 41376
0 49568
0 57760
0 448
0 8640
0 16832
0 25024
0 33216
0 41408
0 49600
0 57792
0 480
0 8672
0 16864
0 25056
0 33248
0 41440
0 49632
0 57824
0 131072
0 139264
0 147456
0 155648
0 163840
0 172032
0 180224
0 188416
0 131104
0 139296
0 147488
0 155680
0 163872
0 172064
0 180256
0 188448
0 131136
0 139328
0 147520
0 155712
0 163904
0 172096
0 180288
0 188480
0 131168
0 139360
0 147552
0 155744
0 163936
0 172128
0 180320
0 188512
0 131200
0 139392
0 147584
0 155776
0 163968
0 172160
0 180352
0 188544
0 131232
0 139424
0 147616
0 155808
0 164000
0 172192
0 180384
0 188576
0 131264
0 139456
0 147648
0 155840
0 164032
0 172224
0 180416
0 188608
0 131296
0 139488
0 147680
0 155872
0 164064
0 172256
0 180448
0 188640
0 131328
0 139520
0 147712
0 155904
0 164096
0 172288
0 180480
0 188672
0 131360
0 139552
0 147744
0 155936
0 164128
0 172320
0 180512
0 188704
0 131392
0 139584
0 147776
0 155968
0 164160
0 172352
0 180544
0 188736
0 131424
0 139616
0 147808
0 156000
0 164192
0 172384
0 180576
0 188768
0 131456
0 139648
0 147840
0 156032
0 164224
0 172416
0 180608
0 188800
0 131488
0 139680
0 147872
0 156064
0 164256
0 172448
0 180640
0 188832
0 131520
0 139712
0 147904
0 156096
0 164288
0 172480
0 180672
0 188864
0 131552
0 139744
0 147936
0 156128
0 164320
0 172512
0 180704
0 188896
1 393216
1 401408
1 409600
1 417792
1 425984
1 434176
1 442368
1 450560
1 393248
1 401440
1 409632
1 417824
1 426016
1 434208
1 442400
1 450592
1 393280
1 401472
1 409664
1 417856
1 426048
1 434240
1 442432
1 450624
1 393312
1 401504
1 409696
1 417888
1 426080
1 434272
1 442464
1 450656
1 393344
1 401536
1 409728
1 417920
1 426112
1 434304
1 442496
1 450688
1 393376
1 401568
1 409760
1 417952
1 426144
1 434336
1 442528
1 450720
1 393408
1 401600
1 409792
1 417984
1 426176
1 434368
1 442560
1 450752
1 393440
1 401632
1 409824
1 418016
1 426208
1 434400
1 442592
1 450784
1 393472
1 401664
1 409856
1 418048
1 426240
1 434432
1 442624
1 450816
1 393504
1 401696
1 409888
1 418080
1 426272
1 434464
1 442656
1 450848
1 393536
1 401728
1 409920
1 418112
1 426304
1 434496
1 442688
1 450880
1 393568
1 401760
1 409952
1 418144
1 426336
1 434528
1 442720
1 450912
1 393600
1 401792
1 409984
1 418176
1 426368
1 434560
1 442752
1 450944
1 393632
1 401824
1 410016
1 418208
1 426400
1 434592
1 442784
1 450976
1 393664
1 401856
1 410048
1 418240
1 426432
1 434624
1 442816
1 451008
1 393696
1 401888
1 410080
1 418272
1 426464
1 434656
1 442848
1 451040
1 4294180864
1 4294180896
1 4294180928
1 4294180960
1 4294180992
1 4294181024
1 4294181056
1 4294181088
1 4294181120
1 4294181152
1 4294181184
1 4294181216
1 4294181248
1 4294181280
1 4294181312
1 4294181344
0 327680
0 335872
0 344064
0 352256
0 360448
0 368640
0 376832
0 385024
0 327712
0 335904
0 344096
0 352288
0 360480
0 368672
0 376864
0 385056
0 327744
0 335936
0 344128
0 352320
0 360512
0 368704
0 376896
0 385088
0 327776
0 335968
0 344160
0 352352
0 360544
0 368736
0 376928
0 385120
0 327808
0 336000
0 344192
0 352384
0 360576
0 368768
0 376960
0 385152
0 327840
0 336032
0 344224
0 352416
0 360608
0 368800
0 376992
0 385184
0 327872
0 336064
0 344256
0 352448
0 360640
0 368832
0 377024
0 385216
0 327904
0 336096
0 344288
0 352480
0 360672
0 368864
0 377056
0 385248
0 327936
0 336128
0 344320
0 352512
0 360704
0 368896
0 377088
0 385280
0 327968
0 336160
0 344352
0 352544
0 360736
0 368928
0 377120
0 385312
0 328000
0 336192
0 344384
0 352576
0 360768
0 368960
0 377152
0 385344
0 328032
0 336224
0 344416
0 352608
0 360800
0 368992
0 377184
0 385376
0 328064
0 336256
0 344448
0 352640
0 360832
0 369024
0 377216
0 385408
0 328096
0 336288
0 344480
0 352672
0 360864
0 369056
0 377248
0 385440
0 328128
0 336320
0 344512
0 352704
0 360896
0 369088
0 377280
0 385472
0 328160
0 336352
0 344544
0 352736
0 360928
0 369120
0 377312
0 385504
0 65536
0 73728
0 81920
0 90112
0 98304
0 106496
0 114688
0 122880
0 65568
0 73760
0 81952
0 90144
0 98336
0 106528
0 114720
0 122912
0 65600
0 73792
0 81984
0 90176
0 98368
0 106560
0 114752
0 122944
0 65632
0 73824
0 82016
0 90208
0 98400
0 106592
0 114784
0 122976
0 65664
0 73856
0 82048
0 90240
0 98432
0 106624
0 114816
0 123008
0 65696
0 73888
0 82080
0 90272
0 98464
0 106656
0 114848
0 123040
0 65728
0 73920
0 82112
0 90304
0 98496
0 106688
0 114880
0 123072
0 65760
0 73952
0 82144
0 90336
0 98528
0 106720
0 114912
0 123104
0 65792
0 73984
0 82176
0 90368
0 98560
0 106752
0 114944
0 123136
0 65824
0 74016
0 82208
0 90400
0 98592
0 106784
0 114976
0 123168
0 65856
0 74048
0 82240
0 90432
0 98624
0 106816
0 115008
0 123200
0 65888
0 74080
0 82272
0 90464
0 98656
0 106848
0 115040
0 123232
0 65920
0 74112
0 82304
0 90496
0 98688
0 106880
0 115072
0 123264
0 65952
0 74144
0 82336
0 90528
0 98720
0 106912
0 115104
0 123296
0 65984
0 74176
0 82368
0 90560
0 98752
0 106944
0 115136
0 123328
0 66016
0 74208
0 82400
0 90592
0 98784
0 106976
0 115168
0 123360
0 196608
0 204800
0 212992
0 221184
0 229376
0 237568
0 245760
0 253952
0 196640
0 204832
0 213024
0 221216
0 229408
0 237600
0 245792
0 253984
0 196672
0 204864
0 213056
0 221248
0 229440
0 237632
0 245824
0 254016
0 196704
0 204896
0 213088
0 221280
0 229472
0 237664
0 245856
0 254048
0 196736
0 204928
0 213120
0 221312
0 229504
0 237696
0 245888
0 254080
0 196768
0 204960
0 213152
0 221344
0 229536
0 237728
0 245920
0 254112
0 196800
0 204992
0 213184
0 221376
0 229568
0 237760
0 245952
0 254144
0 196832
0 205024
0 213216
0 221408
0 229600
0 237792
0 245984
0 254176
0 196864
0 205056
0 213248
0 221440
0 229632
0 237824
0 246016
0 254208
0 196896
0 205088
0 213280
0 221472
0 229664
0 237856
0 246048
0 254240
0 196928
0 205120
0 213312
0 221504
0 229696
0 237888
0 246080
0 254272
0 196960
0 205152
0 213344
0 221536
0 229728
0 237920
0 246112
0 254304
0 196992
0 205184
0 213376
0 221568
0 229760
0 237952
0 246144
0 254336
0 197024
0 205216
0 213408
0 221600
0 229792
0 237984
0 246176
0 254368
0 197056
0 205248
0 213440
0 221632
0 229824
0 238016
0 246208
0 254400
0 197088
0 205280
0 213472
0 221664
0 229856
0 238048
0 246240
0 254432
1 458752
1 466944
1 475136
1 483328
1 491520
1 499712
1 507904
1 516096
1 458784
1 466976
1 475168
1 483360
1 491552
1 499744
1 507936
1 516128
1 458816
1 467008
1 475200
1 483392
1 491584
1 499776
1 507968
1 516160
1 458848
1 467040
1 475232
1 483424
1 491616
1 499808
1 508000
1 516192
1 458880
1 467072
1 475264
1 483456
1 491648
1 499840
1 508032
1 516224
1 458912
1 467104
1 475296
1 483488
1 491680
1 499872
1 508064
1 516256
1 458944
1 467136
1 475328
1 483520
1 491712
1 499904
1 508096
1 516288
1 458976
1 467168
1 475360
1 483552
1 491744
1 499936
1 508128
1 516320
1 459008
1 467200
1 475392
1 483584
1 491776
1 499968
1 508160
1 516352
1 459040
1 467232
1 475424
1 483616
1 491808
1 500000
1 508192
1 516384
1 459072
1 467264
1 475456
1 483648
1 491840
1 500032
1 508224
1 516416
1 459104
1 467296
1 475488
1 483680
1 491872
1 500064
1 508256
1 516448
1 459136
1 467328
1 475520
1 483712
1 491904
1 500096
1 508288
1 516480
1 459168
1 467360
1 475552
1 483744
1 491936
1 500128
1 508320
1 516512
1 459200
1 467392
1 475584
1 483776
1 491968
1 500160
1 508352
1 516544
1 459232
1 467424
1 475616
1 483808
1 492000
1 500192
1 508384
1 516576
1 4294180864
1 4294180896
1 4294180928
1 4294180960
1 4294180992
1 4294181024
1 4294181056
1 4294181088
1 4294181120
1 4294181152
1 4294181184
1 4294181216
1 4294181248
1 4294181280
1 4294181312
1 4294181344
0 262656
0 270848
0 279040
0 287232
0 295424
0 303616
0 311808
0 320000
0 262688
0 270880
0 279072
0 287264
0 295456
0 303648
0 311840
0 320032
0 262720
0 270912
0 279104
0 287296
0 295488
0 303680
0 311872
0 320064
0 262752
0 270944
0 279136
0 287328
0 295520
0 303712
0 311904
0 320096
0 262784
0 270976
0 279168
0 287360
0 295552
0 303744
0 311936
0 320128
0 262816
0 271008
0 279200
0 287392
0 295584
0 303776
0 311968
0 320160
0 262848
0 271040
0 279232
0 287424
0 295616
0 303808
0 312000
0 320192
0 262880
0 271072
0 279264
0 287456
0 295648
0 303840
0 312032
0 320224
0 262912
0 271104
0 279296
0 287488
0 295680
0 303872
0 312064
0 320256
0 262944
0 271136
0 279328
0 287520
0 295712
0 303904
0 312096
0 320288
0 262976
0 271168
0 279360
0 287552
0 295744
0 303936
0 312128
0 320320
0 263008
0 271200
0 279392
0 287584
0 295776
0 303968
0 312160
0 320352
0 263040
0 271232
0 279424
0 287616
0 295808
0 304000
0 312192
0 320384
0 263072
0 271264
0 279456
0 287648
0 295840
0 304032
0 312224
0 320416
0 263104
0 271296
0 279488
0 287680
0 295872
0 304064
0 312256
0 320448
0 263136
0 271328
0 279520
0 287712
0 295904
0 304096
0 312288
0 320480
0 512
0 8704
0 16896
0 25088
0 33280
0 41472
0 49664
0 57856
0 544
0 8736
0 16928
0 25120
0 33312
0 41504
0 49696
0 57888
0 576
0 8768
0 16960
0 25152
0 33344
0 41536
0 49728
0 57920
0 608
0 8800
0 16992
0 25184
0 33376
0 41568
0 49760
0 57952
0 640
0 8832
0 17024
0 25216
0 33408
0 41600
0 49792
0 57984
0 672
0 8864
0 17056
0 25248
0 33440
0 41632
0 49824
0 58016
0 704
0 8896
0 17088
0 25280
0 33472
0 41664
0 49856
0 58048
0 736
0 8928
0 17120
0 25312
0 33504
0 41696
0 49888
0 58080
0 768
0 8960
0 17152
0 25344
0 33536
0 41728
0 49920
0 58112
0 800
0 8992
0 17184
0 25376
0 33568
0 41760
0 49952
0 58144
0 832
0 9024
0 17216
0 25408
0 33600
0 41792
0 49984
0 58176
0 864
0 9056
0 17248
0 25440
0 33632
0 41824
0 50016
0 58208
0 896
0 9088
0 17280
0 25472
0 33664
0 41856
0 50048
0 58240
0 928
0 9120
0 17312
0 25504
0 33696
0 41888
0 50080
0 58272
0 960
0 9152
0 17344
0 25536
0 33728
0 41920
0 50112
0 58304
0 992
0 9184
0 17376
0 25568
0 33760
0 41952
0 50144
0 58336
0 131584
0 139776
0 147968
0 156160
0 164352
0 172544
0 180736
0 188928
0 131616
0 139808
0 148000
0 156192
0 164384
0 172576
0 180768
0 188960
0 131648
0 139840
0 148032
0 156224
0 164416
0 172608
0 180800
0 188992
0 131680
0 139872
0 148064
0 156256
0 164448
0 172640
0 180832
0 189024
0 131712
0 139904
0 148096
0 156288
0 164480
0 172672
0 180864
0 189056
0 131744
0 139936
0 148128
0 156320
0 164512
0 172704
0 180896
0 189088
0 131776
0 139968
0 148160
0 156352
0 164544
0 172736
0 180928
0 189120
0 131808
0 140000
0 148192
0 156384
0 164576
0 172768
0 180960
0 189152
0 131840
0 140032
0 148224
0 156416
0 164608
0 172800
0 180992
0 189184
0 131872
0 140064
0 148256
0 156448
0 164640
0 172832
0 181024
0 189216
0 131904
0 140096
0 148288
0 156480
0 164672
0 172864
0 181056
0 189248
0 131936
0 140128
0 148320
0 156512
0 164704
0 172896
0 181088
0 189280
0 131968
0 140160
0 148352
0 156544
0 164736
0 172928
0 181120
0 189312
0 132000
0 140192
0 148384
0 156576
0 164768
0 172960
0 181152
0 189344
0 132032
0 140224
0 148416
0 156608
0 164800
0 172992
0 181184
0 189376
0 132064
0 140256
0 148448
0 156640
0 164832
0 173024
0 181216
0 189408
1 393728
1 401920
1 410112
1 418304
1 426496
1 434688
1 442880
1 451072
1 393760
1 401952
1 410144
1 418336
1 426528
1 434720
1 442912
1 451104
1 393792
1 401984
1 410176
1 418368
1 426560
1 434752
1 442944
1 451136
1 393824
1 402016
1 410208
1 418400
1 426592
1 434784
1 442976
1 451168
1 393856
1 402048
1 410240
1 418432
1 426624
1 434816
1 443008
1 451200
1 393888
1 402080
1 410272
1 418464
1 426656
1 434848
1 443040
1 451232
1 393920
1 402112
1 410304
1 418496
1 426688
1 434880
1 443072
1 451264
1 393952
1 402144
1 410336
1 418528
1 426720
1 434912
1 443104
1 451296
1 393984
1 402176
1 410368
1 418560
1 426752
1 434944
1 443136
1 451328
1 394016
1 402208
1 410400
1 418592
1 426784
1 434976
1 443168
1 451360
1 394048
1 402240
1 410432
1 418624
1 426816
1 435008
1 443200
1 451392
1 394080
1 402272
1 410464
1 418656
1 426848
1 435040
1 443232
1 451424
1 394112
1 402304
1 410496
1 418688
1 426880
1 435072
1 443264
1 451456
1 394144
1 402336
1 410528
1 418720
1 426912
1 435104
1 443296
1 451488
1 394176
1 402368
1 410560
1 418752
1 426944
1 435136
1 443328
1 451520
1 394208
1 402400
1 410592
1 418784
1 426976
1 435168
1 443360
1 451552
1 4294180864
1 4294180896
1 4294180928
1 4294180960
1 4294180992
1 4294181024
1 4294181056
1 4294181088
1 4294181120
1 4294181152
1 4294181184
1 4294181216
1 4294181248
1 4294181280
1 4294181312
1 4294181344
0 328192
0 336384
0 344576
0 352768
0 360960
0 369152
0 377344
0 385536
0 328224
0 336416
0 344608
0 352800
0 360992
0 369184
0 377376
0 385568
0 328256
0 336448
0 344640
0 352832
0 361024
0 369216
0 377408
0 385600
0 328288
0 336480
0 344672
0 352864
0 361056
0 369248
0 377440
0 385632
0 328320
0 336512
0 344704
0 352896
0 361088
0 369280
0 377472
0 385664
0 328352
0 336544
0 344736
0 352928
0 361120
0 369312
0 377504
0 385696
0 328384
0 336576
0 344768
0 352960
0 361152
0 369344
0 377536
0 385728
0 328416
0 336608
0 344800
0 352992
0 361184
0 369376
0 377568
0 385760
0 328448
0 336640
0 344832
0 353024
0 361216
0 369408
0 377600
0 385792
0 328480
0 336672
0 344864
0 353056
0 361248
0 369440
0 377632
0 385824
0 328512
0 336704
0 344896
0 353088
0 361280
0 369472
0 377664
0 385856
0 328544
0 336736
0 344928
0 353120
0 361312
0 369504
0 377696
0 385888
0 328576
0 336768
0 344960
0 353152
0 361344
0 369536
0 377728
0 385920
0 328608
0 336800
0 344992
0 353184
0 361376
0 369568
0 377760
0 385952
0 328640
0 336832
0 345024
0 353216
0 361408
0 369600
0 377792
0 385984
0 328672
0 336864
0 345056
0 353248
0 361440
0 369632
0 377824
0 386016
0 66048
0 74240
0 82432
0 90624
0 98816
0 107008
0 115200
0 123392
0 66080
0 74272
0 82464
0 90656
0 98848
0 107040
0 115232
0 123424
0 66112
0 74304
0 82496
0 90688
0 98880
0 107072
0 115264
0 123456
0 66144
0 74336
0 82528
0 90720
0 98912
0 107104
0 115296
0 123488
0 66176
0 74368
0 82560
0 90752
0 98944
0 107136
0 115328
0 123520
0 66208
0 74400
0 82592
0 90784
0 98976
0 107168
0 115360
0 123552
0 66240
0 74432
0 82624
0 90816
0 99008
0 107200
0 115392
0 123584
0 66272
0 74464
0 82656
0 90848
0 99040
0 107232
0 115424
0 123616
0 66304
0 74496
0 82688
0 90880
0 99072
0 107264
0 115456
0 123648
0 66336
0 74528
0 82720
0 90912
0 99104
0 107296
0 115488
0 123680
0 66368
0 74560
0 82752
0 90944
0 99136
0 107328
0 115520
0 123712
0 66400
0 74592
0 82784
0 90976
0 99168
0 107360
0 115552
0 123744
0 66432
0 74624
0 82816
0 91008
0 99200
0 107392
0 115584
0 123776
0 66464
0 74656
0 82848
0 91040
0 99232
0 107424
0 115616
0 123808
0 66496
0 74688
0 82880
0 91072
0 99264
0 107456
0 115648
0 123840
0 66528
0 74720
0 82912
0 91104
0 99296
0 107488
0 115680
0 123872
0 197120
0 205312
0 213504
0 221696
0 229888
0 238080
0 246272
0 254464
0 197152
0 205344
0 213536
0 221728
0 229920
0 238112
0 246304
0 254496
0 197184
0 205376
0 213568
0 221760
0 229952
0 238144
0 246336
0 254528
0 197216
0 205408
0 213600
0 221792
0 229984
0 238176
0 246368
0 254560
0 197248
0 205440
0 213632
0 221824
0 230016
0 238208
0 246400
0 254592
0 197280
0 205472
0 213664
0 221856
0 230048
0 238240
0 246432
0 254624
0 197312
0 205504
0 213696
0 221888
0 230080
0 238272
0 246464
0 254656
0 197344
0 205536
0 213728
0 221920
0 230112
0 238304
0 246496
0 254688
0 197376
0 205568
0 213760
0 221952
0 230144
0 238336
0 246528
0 254720
0 197408
0 205600
0 213792
0 221984
0 230176
0 238368
0 246560
0 254752
0 197440
0 205632
0 213824
0 222016
0 230208
0 238400
0 246592
0 254784
0 197472
0 205664
0 213856
0 222048
0 230240
0 238432
0 246624
0 254816
0 197504
0 205696
0 213888
0 222080
0 230272
0 238464
0 246656
0 254848
0 197536
0 205728
0 213920
0 222112
0 230304
0 238496
0 246688
0 254880
0 197568
0 205760
0 213952
0 222144
0 230336
0 238528
0 246720
0 254912
0 197600
0 205792
0 213984
0 222176
0 230368
0 238560
0 246752
0 254944
1 459264
1 467456
1 475648
1 483840
1 492032
1 500224
1 508416
1 516608
1 459296
1 467488
1 475680
1 483872
1 492064
1 500256
1 508448
1 516640
1 459328
1 467520
1 475712
1 483904
1 492096
1 500288
1 508480
1 516672
1 459360
1 467552
1 475744
1 483936
1 492128
1 500320
1 508512
1 516704
1 459392
1 467584
1 475776
1 483968
1 492160
1 500352
1 508544
1 516736
1 459424
1 467616
1 475808
1 484000
1 492192
1 500384
1 508576
1 516768
1 459456
1 467648
1 475840
1 484032
1 492224
1 500416
1 508608
1 516800
1 459488
1 467680
1 475872
1 484064
1 492256
1 500448
1 508640
1 516832
1 459520
1 467712
1 475904
1 484096
1 492288
1 500480
1 508672
1 516864
1 459552
1 467744
1 475936
1 484128
1 492320
1 500512
1 508704
1 516896
1 459584
1 467776
1 475968
1 484160
1 492352
1 500544
1 508736
1 516928
1 459616
1 467808
1 476000
1 484192
1 492384
1 500576
1 508768
1 516960
1 459648
1 467840
1 476032
1 484224
1 492416
1 500608
1 508800
1 516992
1 459680
1 467872
1 476064
1 484256
1 492448
1 500640
1 508832
1 517024
1 459712
1 467904
1 476096
1 484288
1 492480
1 500672
1 508864
1 517056
1 459744
1 467936
1 476128
1 484320
1 492512
1 500704
1 508896
1 517088
0 4294705152
0 4294705184
0 4294705216
0 4294705248
0 4294705280
0 4294705312
0 4294705344
0 4294705376
0 4294705408
0 4294705440
0 4294705472
0 4294705504
0 4294705536
0 4294705568
0 4294705600
0 4294705632
0 393216
0 393248
0 393280
0 393312
0 393344
0 393376
0 393408
0 393440
0 393472
0 393504
0 393536
0 393568
0 393600
0 393632
0 393664
0 393696
0 393728
0 393760
0 393792
0 393824
0 393856
0 393888
0 393920
0 393952
0 393984
0 394016
0 394048
0 394080
0 394112
0 394144
0 394176
0 394208
0 394240
0 394272
0 394304
0 394336
0 394368
0 394400
0 394432
0 394464
0 394496
0 394528
0 394560
0 394592
0 394624
0 394656
0 394688
0 394720
0 394752
0 394784
0 394816
0 394848
0 394880
0 394912
0 394944
0 394976
0 395008
0 395040
0 395072
0 395104
0 395136
0 395168
0 395200
0 395232
0 395264
0 395296
0 395328
0 395360
0 395392
0 395424
0 395456
0 395488
0 395520
0 395552
0 395584
0 395616
0 395648
0 395680
0 395712
0 395744
0 395776
0 395808
0 395840
0 395872
0 395904
0 395936
0 395968
0 396000
0 396032
0 396064
0 396096
0 396128
0 396160
0 396192
0 396224
0 396256
0 396288
0 396320
0 396352
0 396384
0 396416
0 396448
0 396480
0 396512
0 396544
0 396576
0 396608
0 396640
0 396672
0 396704
0 396736
0 396768
0 396800
0 396832
0 396864
0 396896
0 396928
0 396960
0 396992
0 397024
0 397056
0 397088
0 397120
0 397152
0 397184
0 397216
0 397248
0 397280
0 397312
0 397344
0 397376
0 397408
0 397440
0 397472
0 397504
0 397536
0 397568
0 397600
0 397632
0 397664
0 397696
0 397728
0 397760
0 397792
0 397824
0 397856
0 397888
0 397920
0 397952
0 397984
0 398016
0 398048
0 398080
0 398112
0 398144
0 398176
0 398208
0 398240
0 398272
0 398304
0 398336
0 398368
0 398400
0 398432
0 398464
0 398496
0 398528
0 398560
0 398592
0 398624
0 398656
0 398688
0 398720
0 398752
0 398784
0 398816
0 398848
0 398880
0 398912
0 398944
0 398976
0 399008
0 399040
0 399072
0 399104
0 399136
0 399168
0 399200
0 399232
0 399264
0 399296
0 399328
0 399360
0 399392
0 399424
0 399456
0 399488
0 399520
0 399552
0 399584
0 399616
0 399648
0 399680
0 399712
0 399744
0 399776
0 399808
0 399840
0 399872
0 399904
0 399936
0 399968
0 400000
0 400032
0 400064
0 400096
0 400128
0 400160
0 400192
0 400224
0 400256
0 400288
0 400320
0 400352
0 400384
0 400416
0 400448
0 400480
0 400512
0 400544
0 400576
0 400608
0 400640
0 400672
0 400704
0 400736
0 400768
0 400800
0 400832
0 400864
0 400896
0 400928
0 400960
0 400992
0 401024
0 401056
0 401088
0 401120
0 401152
0 401184
0 401216
0 401248
0 401280
0 401312
0 401344
0 401376
0 401408
0 401440
0 401472
0 401504
0 401536
0 401568
0 401600
0 401632
0 401664
0 401696
0 401728
0 401760
0 401792
0 401824
0 401856
0 401888
0 401920
0 401952
0 401984
0 402016
0 402048
0 402080
0 402112
0 402144
0 402176
0 402208
0 402240
0 402272
0 402304
0 402336
0 402368
0 402400
0 402432
0 402464
0 402496
0 402528
0 402560
0 402592
0 402624
0 402656
0 402688
0 402720
0 402752
0 402784
0 402816
0 402848
0 402880
0 402912
0 402944
0 402976
0 403008
0 403040
0 403072
0 403104
0 403136
0 403168
0 403200
0 403232
0 403264
0 403296
0 403328
0 403360
0 403392
0 403424
0 403456
0 403488
0 403520
0 403552
0 403584
0 403616
0 403648
0 403680
0 403712
0 403744
0 403776
0 403808
0 403840
0 403872
0 403904
0 403936
0 403968
0 404000
0 404032
0 404064
0 404096
0 404128
0 404160
0 404192
0 404224
0 404256
0 404288
0 404320
0 404352
0 404384
0 404416
0 404448
0 404480
0 404512
0 404544
0 404576
0 404608
0 404640
0 404672
0 404704
0 404736
0 404768
0 404800
0 404832
0 404864
0 404896
0 404928
0 404960
0 404992
0 405024
0 405056
0 405088
0 405120
0 405152
0 405184
0 405216
0 405248
0 405280
0 405312
0 405344
0 405376
0 405408
0 405440
0 405472
0 405504
0 405536
0 405568
0 405600
0 405632
0 405664
0 405696
0 405728
0 405760
0 405792
0 405824
0 405856
0 405888
0 405920
0 405952
0 405984
0 406016
0 406048
0 406080
0 406112
0 406144
0 406176
0 406208
0 406240
0 406272
0 406304
0 406336
0 406368
0 406400
0 406432
0 406464
0 406496
0 406528
0 406560
0 406592
0 406624
0 406656
0 406688
0 406720
0 406752
0 406784
0 406816
0 406848
0 406880
0 406912
0 406944
0 406976
0 407008
0 407040
0 407072
0 407104
0 407136
0 407168
0 407200
0 407232
0 407264
0 407296
0 407328
0 407360
0 407392
0 407424
0 407456
0 407488
0 407520
0 407552
0 407584
0 407616
0 407648
0 407680
0 407712
0 407744
0 407776
0 407808
0 407840
0 407872
0 407904
0 407936
0 407968
0 408000
0 408032
0 408064
0 408096
0 408128
0 408160
0 408192
0 408224
0 408256
0 408288
0 408320
0 408352
0 408384
0 408416
0 408448
0 408480
0 408512
0 408544
0 408576
0 408608
0 408640
0 408672
0 408704
0 408736
0 408768
0 408800
0 408832
0 408864
0 408896
0 408928
0 408960
0 408992
0 409024
0 409056
0 409088
0 409120
0 409152
0 409184
0 409216
0 409248
0 409280
0 409312
0 409344
0 409376
0 409408
0 409440
0 409472
0 409504
0 409536
0 409568
0 409600
0 409632
0 409664
0 409696
0 409728
0 409760
0 409792
0 409824
0 409856
0 409888
0 409920
0 409952
0 409984
0 410016
0 410048
0 410080
0 410112
0 410144
0 410176
0 410208
0 410240
0 410272
0 410304
0 410336
0 410368
0 410400
0 410432
0 410464
0 410496
0 410528
0 410560
0 410592
0 410624
0 410656
0 410688
0 410720
0 410752
0 410784
0 410816
0 410848
0 410880
0 410912
0 410944
0 410976
0 411008
0 411040
0 411072
0 411104
0 411136
0 411168
0 411200
0 411232
0 411264
0 411296
0 411328
0 411360
0 411392
0 411424
0 411456
0 411488
0 411520
0 411552
0 411584
0 411616
0 411648
0 411680
0 411712
0 411744
0 411776
0 411808
0 411840
0 411872
0 411904
0 411936
0 411968
0 412000
0 412032
0 412064
0 412096
0 412128
0 412160
0 412192
0 412224
0 412256
0 412288
0 412320
0 412352
0 412384
0 412416
0 412448
0 412480
0 412512
0 412544
0 412576
0 412608
0 412640
0 412672
0 412704
0 412736
0 412768
0 412800
0 412832
0 412864
0 412896
0 412928
0 412960
0 412992
0 413024
0 413056
0 413088
0 413120
0 413152
0 413184
0 413216
0 413248
0 413280
0 413312
0 413344
0 413376
0 413408
0 413440
0 413472
0 413504
0 413536
0 413568
0 413600
0 413632
0 413664
0 413696
0 413728
0 413760
0 413792
0 413824
0 413856
0 413888
0 413920
0 413952
0 413984
0 414016
0 414048
0 414080
0 414112
0 414144
0 414176
0 414208
0 414240
0 414272
0 414304
0 414336
0 414368
0 414400
0 414432
0 414464
0 414496
0 414528
0 414560
0 414592
0 414624
0 414656
0 414688
0 414720
0 414752
0 414784
0 414816
0 414848
0 414880
0 414912
0 414944
0 414976
0 415008
0 415040
0 415072
0 415104
0 415136
0 415168
0 415200
0 415232
0 415264
0 415296
0 415328
0 415360
0 415392
0 415424
0 415456
0 415488
0 415520
0 415552
0 415584
0 415616
0 415648
0 415680
0 415712
0 415744
0 415776
0 415808
0 415840
0 415872
0 415904
0 415936
0 415968
0 416000
0 416032
0 416064
0 416096
0 416128
0 416160
0 416192
0 416224
0 416256
0 416288
0 416320
0 416352
0 416384
0 416416
0 416448
0 416480
0 416512
0 416544
0 416576
0 416608
0 416640
0 416672
0 416704
0 416736
0 416768
0 416800
0 416832
0 416864
0 416896
0 416928
0 416960
0 416992
0 417024
0 417056
0 417088
0 417120
0 417152
0 417184
0 417216
0 417248
0 417280
0 417312
0 417344
0 417376
0 417408
0 417440
0 417472
0 417504
0 417536
0 417568
0 417600
0 417632
0 417664
0 417696
0 417728
0 417760
0 417792
0 417824
0 417856
0 417888
0 417920
0 417952
0 417984
0 418016
0 418048
0 418080
0 418112
0 418144
0 418176
0 418208
0 418240
0 418272
0 418304
0 418336
0 418368
0 418400
0 418432
0 418464
0 418496
0 418528
0 418560
0 418592
0 418624
0 418656
0 418688
0 418720
0 418752
0 418784
0 418816
0 418848
0 418880
0 418912
0 418944
0 418976
0 419008
0 419040
0 419072
0 419104
0 419136
0 419168
0 419200
0 419232
0 419264
0 419296
0 419328
0 419360
0 419392
0 419424
0 419456
0 419488
0 419520
0 419552
0 419584
0 419616
0 419648
0 419680
0 419712
0 419744
0 419776
0 419808
0 419840
0 419872
0 419904
0 419936
0 419968
0 420000
0 420032
0 420064
0 420096
0 420128
0 420160
0 420192
0 420224
0 420256
0 420288
0 420320
0 420352
0 420384
0 420416
0 420448
0 420480
0 420512
0 420544
0 420576
0 420608
0 420640
0 420672
0 420704
0 420736
0 420768
0 420800
0 420832
0 420864
0 420896
0 420928
0 420960
0 420992
0 421024
0 421056
0 421088
0 421120
0 421152
0 421184
0 421216
0 421248
0 421280
0 421312
0 421344
0 421376
0 421408
0 421440
0 421472
0 421504
0 421536
0 421568
0 421600
0 421632
0 421664
0 421696
0 421728
0 421760
0 421792
0 421824
0 421856
0 421888
0 421920
0 421952
0 421984
0 422016
0 422048
0 422080
0 422112
0 422144
0 422176
0 422208
0 422240
0 422272
0 422304
0 422336
0 422368
0 422400
0 422432
0 422464
0 422496
0 422528
0 422560
0 422592
0 422624
0 422656
0 422688
0 422720
0 422752
0 422784
0 422816
0 422848
0 422880
0 422912
0 422944
0 422976
0 423008
0 423040
0 423072
0 423104
0 423136
0 423168
0 423200
0 423232
0 423264
0 423296
0 423328
0 423360
0 423392
0 423424
0 423456
0 423488
0 423520
0 423552
0 423584
0 423616
0 423648
0 423680
0 423712
0 423744
0 423776
0 423808
0 423840
0 423872
0 423904
0 423936
0 423968
0 424000
0 424032
0 424064
0 424096
0 424128
0 424160
0 424192
0 424224
0 424256
0 424288
0 424320
0 424352
0 424384
0 424416
0 424448
0 424480
0 424512
0 424544
0 424576
0 424608
0 424640
0 424672
0 424704
0 424736
0 424768
0 424800
0 424832
0 424864
0 424896
0 424928
0 424960
0 424992
0 425024
0 425056
0 425088
0 425120
0 425152
0 425184
0 425216
0 425248
0 425280
0 425312
0 425344
0 425376
0 425408
0 425440
0 425472
0 425504
0 425536
0 425568
0 425600
0 425632
0 425664
0 425696
0 425728
0 425760
0 425792
0 425824
0 425856
0 425888
0 425920
0 425952
0 425984
0 426016
0 426048
0 426080
0 426112
0 426144
0 426176
0 426208
0 426240
0 426272
0 426304
0 426336
0 426368
0 426400
0 426432
0 426464
0 426496
0 426528
0 426560
0 426592
0 426624
0 426656
0 426688
0 426720
0 426752
0 426784
0 426816
0 426848
0 426880
0 426912
0 426944
0 426976
0 427008
0 427040
0 427072
0 427104
0 427136
0 427168
0 427200
0 427232
0 427264
0 427296
0 427328
0 427360
0 427392
0 427424
0 427456
0 427488
0 427520
0 427552
0 427584
0 427616
0 427648
0 427680
0 427712
0 427744
0 427776
0 427808
0 427840
0 427872
0 427904
0 427936
0 427968
0 428000
0 428032
0 428064
0 428096
0 428128
0 428160
0 428192
0 428224
0 428256
0 428288
0 428320
0 428352
0 428384
0 428416
0 428448
0 428480
0 428512
0 428544
0 428576
0 428608
0 428640
0 428672
0 428704
0 428736
0 428768
0 428800
0 428832
0 428864
0 428896
0 428928
0 428960
0 428992
0 429024
0 429056
0 429088
0 429120
0 429152
0 429184
0 429216
0 429248
0 429280
0 429312
0 429344
0 429376
0 429408
0 429440
0 429472
0 429504
0 429536
0 429568
0 429600
0 429632
0 429664
0 429696
0 429728
0 429760
0 429792
0 429824
0 429856
0 429888
0 429920
0 429952
0 429984
0 430016
0 430048
0 430080
0 430112
0 430144
0 430176
0 430208
0 430240
0 430272
0 430304
0 430336
0 430368
0 430400
0 430432
0 430464
0 430496
0 430528
0 430560
0 430592
0 430624
0 430656
0 430688
0 430720
0 430752
0 430784
0 430816
0 430848
0 430880
0 430912
0 430944
0 430976
0 431008
0 431040
0 431072
0 431104
0 431136
0 431168
0 431200
0 431232
0 431264
0 431296
0 431328
0 431360
0 431392
0 431424
0 431456
0 431488
0 431520
0 431552
0 431584
0 431616
0 431648
0 431680
0 431712
0 431744
0 431776
0 431808
0 431840
0 431872
0 431904
0 431936
0 431968
0 432000
0 432032
0 432064
0 432096
0 432128
0 432160
0 432192
0 432224
0 432256
0 432288
0 432320
0 432352
0 432384
0 432416
0 432448
0 432480
0 432512
0 432544
0 432576
0 432608
0 432640
0 432672
0 432704
0 432736
0 432768
0 432800
0 432832
0 432864
0 432896
0 432928
0 432960
0 432992
0 433024
0 433056
0 433088
0 433120
0 433152
0 433184
0 433216
0 433248
0 433280
0 433312
0 433344
0 433376
0 433408
0 433440
0 433472
0 433504
0 433536
0 433568
0 433600
0 433632
0 433664
0 433696
0 433728
0 433760
0 433792
0 433824
0 433856
0 433888
0 433920
0 433952
0 433984
0 434016
0 434048
0 434080
0 434112
0 434144
0 434176
0 434208
0 434240
0 434272
0 434304
0 434336
0 434368
0 434400
0 434432
0 434464
0 434496
0 434528
0 434560
0 434592
0 434624
0 434656
0 434688
0 434720
0 434752
0 434784
0 434816
0 434848
0 434880
0 434912
0 434944
0 434976
0 435008
0 435040
0 435072
0 435104
0 435136
0 435168
0 435200
0 435232
0 435264
0 435296
0 435328
0 435360
0 435392
0 435424
0 435456
0 435488
0 435520
0 435552
0 435584
0 435616
0 435648
0 435680
0 435712
0 435744
0 435776
0 435808
0 435840
0 435872
0 435904
0 435936
0 435968
0 436000
0 436032
0 436064
0 436096
0 436128
0 436160
0 436192
0 436224
0 436256
0 436288
0 436320
0 436352
0 436384
0 436416
0 436448
0 436480
0 436512
0 436544
0 436576
0 436608
0 436640
0 436672
0 436704
0 436736
0 436768
0 436800
0 436832
0 436864
0 436896
0 436928
0 436960
0 436992
0 437024
0 437056
0 437088
0 437120
0 437152
0 437184
0 437216
0 437248
0 437280
0 437312
0 437344
0 437376
0 437408
0 437440
0 437472
0 437504
0 437536
0 437568
0 437600
0 437632
0 437664
0 437696
0 437728
0 437760
0 437792
0 437824
0 437856
0 437888
0 437920
0 437952
0 437984
0 438016
0 438048
0 438080
0 438112
0 438144
0 438176
0 438208
0 438240
0 438272
0 438304
0 438336
0 438368
0 438400
0 438432
0 438464
0 438496
0 438528
0 438560
0 438592
0 438624
0 438656
0 438688
0 438720
0 438752
0 438784
0 438816
0 438848
0 438880
0 438912
0 438944
0 438976
0 439008
0 439040
0 439072
0 439104
0 439136
0 439168
0 439200
0 439232
0 439264
0 439296
0 439328
0 439360
0 439392
0 439424
0 439456
0 439488
0 439520
0 439552
0 439584
0 439616
0 439648
0 439680
0 439712
0 439744
0 439776
0 439808
0 439840
0 439872
0 439904
0 439936
0 439968
0 440000
0 440032
0 440064
0 440096
0 440128
0 440160
0 440192
0 440224
0 440256
0 440288
0 440320
0 440352
0 440384
0 440416
0 440448
0 440480
0 440512
0 440544
0 440576
0 440608
0 440640
0 440672
0 440704
0 440736
0 440768
0 440800
0 440832
0 440864
0 440896
0 440928
0 440960
0 440992
0 441024
0 441056
0 441088
0 441120
0 441152
0 441184
0 441216
0 441248
0 441280
0 441312
0 441344
0 441376
0 441408
0 441440
0 441472
0 441504
0 441536
0 441568
0 441600
0 441632
0 441664
0 441696
0 441728
0 441760
0 441792
0 441824
0 441856
0 441888
0 441920
0 441952
0 441984
0 442016
0 442048
0 442080
0 442112
0 442144
0 442176
0 442208
0 442240
0 442272
0 442304
0 442336
0 442368
0 442400
0 442432
0 442464
0 442496
0 442528
0 442560
0 442592
0 442624
0 442656
0 442688
0 442720
0 442752
0 442784
0 442816
0 442848
0 442880
0 442912
0 442944
0 442976
0 443008
0 443040
0 443072
0 443104
0 443136
0 443168
0 443200
0 443232
0 443264
0 443296
0 443328
0 443360
0 443392
0 443424
0 443456
0 443488
0 443520
0 443552
0 443584
0 443616
0 443648
0 443680
0 443712
0 443744
0 443776
0 443808
0 443840
0 443872
0 443904
0 443936
0 443968
0 444000
0 444032
0 444064
0 444096
0 444128
0 444160
0 444192
0 444224
0 444256
0 444288
0 444320
0 444352
0 444384
0 444416
0 444448
0 444480
0 444512
0 444544
0 444576
0 444608
0 444640
0 444672
0 444704
0 444736
0 444768
0 444800
0 444832
0 444864
0 444896
0 444928
0 444960
0 444992
0 445024
0 445056
0 445088
0 445120
0 445152
0 445184
0 445216
0 445248
0 445280
0 445312
0 445344
0 445376
0 445408
0 445440
0 445472
0 445504
0 445536
0 445568
0 445600
0 445632
0 445664
0 445696
0 445728
0 445760
0 445792
0 445824
0 445856
0 445888
0 445920
0 445952
0 445984
0 446016
0 446048
0 446080
0 446112
0 446144
0 446176
0 446208
0 446240
0 446272
0 446304
0 446336
0 446368
0 446400
0 446432
0 446464
0 446496
0 446528
0 446560
0 446592
0 446624
0 446656
0 446688
0 446720
0 446752
0 446784
0 446816
0 446848
0 446880
0 446912
0 446944
0 446976
0 447008
0 447040
0 447072
0 447104
0 447136
0 447168
0 447200
0 447232
0 447264
0 447296
0 447328
0 447360
0 447392
0 447424
0 447456
0 447488
0 447520
0 447552
0 447584
0 447616
0 447648
0 447680
0 447712
0 447744
0 447776
0 447808
0 447840
0 447872
0 447904
0 447936
0 447968
0 448000
0 448032
0 448064
0 448096
0 448128
0 448160
0 448192
0 448224
0 448256
0 448288
0 448320
0 448352
0 448384
0 448416
0 448448
0 448480
0 448512
0 448544
0 448576
0 448608
0 448640
0 448672
0 448704
0 448736
0 448768
0 448800
0 448832
0 448864
0 448896
0 448928
0 448960
0 448992
0 449024
0 449056
0 449088
0 449120
0 449152
0 449184
0 449216
0 449248
0 449280
0 449312
0 449344
0 449376
0 449408
0 449440
0 449472
0 449504
0 449536
0 449568
0 449600
0 449632
0 449664
0 449696
0 449728
0 449760
0 449792
0 449824
0 449856
0 449888
0 449920
0 449952
0 449984
0 450016
0 450048
0 450080
0 450112
0 450144
0 450176
0 450208
0 450240
0 450272
0 450304
0 450336
0 450368
0 450400
0 450432
0 450464
0 450496
0 450528
0 450560
0 450592
0 450624
0 450656
0 450688
0 450720
0 450752
0 450784
0 450816
0 450848
0 450880
0 450912
0 450944
0 450976
0 451008
0 451040
0 451072
0 451104
0 451136
0 451168
0 451200
0 451232
0 451264
0 451296
0 451328
0 451360
0 451392
0 451424
0 451456
0 451488
0 451520
0 451552
0 451584
0 451616
0 451648
0 451680
0 451712
0 451744
0 451776
0 451808
0 451840
0 451872
0 451904
0 451936
0 451968
0 452000
0 452032
0 452064
0 452096
0 452128
0 452160
0 452192
0 452224
0 452256
0 452288
0 452320
0 452352
0 452384
0 452416
0 452448
0 452480
0 452512
0 452544
0 452576
0 452608
0 452640
0 452672
0 452704
0 452736
0 452768
0 452800
0 452832
0 452864
0 452896
0 452928
0 452960
0 452992
0 453024
0 453056
0 453088
0 453120
0 453152
0 453184
0 453216
0 453248
0 453280
0 453312
0 453344
0 453376
0 453408
0 453440
0 453472
0 453504
0 453536
0 453568
0 453600
0 453632
0 453664
0 453696
0 453728
0 453760
0 453792
0 453824
0 453856
0 453888
0 453920
0 453952
0 453984
0 454016
0 454048
0 454080
0 454112
0 454144
0 454176
0 454208
0 454240
0 454272
0 454304
0 454336
0 454368
0 454400
0 454432
0 454464
0 454496
0 454528
0 454560
0 454592
0 454624
0 454656
0 454688
0 454720
0 454752
0 454784
0 454816
0 454848
0 454880
0 454912
0 454944
0 454976
0 455008
0 455040
0 455072
0 455104
0 455136
0 455168
0 455200
0 455232
0 455264
0 455296
0 455328
0 455360
0 455392
0 455424
0 455456
0 455488
0 455520
0 455552
0 455584
0 455616
0 455648
0 455680
0 455712
0 455744
0 455776
0 455808
0 455840
0 455872
0 455904
0 455936
0 455968
0 456000
0 456032
0 456064
0 456096
0 456128
0 456160
0 456192
0 456224
0 456256
0 456288
0 456320
0 456352
0 456384
0 456416
0 456448
0 456480
0 456512
0 456544
0 456576
0 456608
0 456640
0 456672
0 456704
0 456736
0 456768
0 456800
0 456832
0 456864
0 456896
0 456928
0 456960
0 456992
0 457024
0 457056
0 457088
0 457120
0 457152
0 457184
0 457216
0 457248
0 457280
0 457312
0 457344
0 457376
0 457408
0 457440
0 457472
0 457504
0 457536
0 457568
0 457600
0 457632
0 457664
0 457696
0 457728
0 457760
0 457792
0 457824
0 457856
0 457888
0 457920
0 457952
0 457984
0 458016
0 458048
0 458080
0 458112
0 458144
0 458176
0 458208
0 458240
0 458272
0 458304
0 458336
0 458368
0 458400
0 458432
0 458464
0 458496
0 458528
0 458560
0 458592
0 458624
0 458656
0 458688
0 458720
0 458752
0 458784
0 458816
0 458848
0 458880
0 458912
0 458944
0 458976
0 459008
0 459040
0 459072
0 459104
0 459136
0 459168
0 459200
0 459232
0 459264
0 459296
0 459328
0 459360
0 459392
0 459424
0 459456
0 459488
0 459520
0 459552
0 459584
0 459616
0 459648
0 459680
0 459712
0 459744
0 459776
0 459808
0 459840
0 459872
0 459904
0 459936
0 459968
0 460000
0 460032
0 460064
0 460096
0 460128
0 460160
0 460192
0 460224
0 460256
0 460288
0 460320
0 460352
0 460384
0 460416
0 460448
0 460480
0 460512
0 460544
0 460576
0 460608
0 460640
0 460672
0 460704
0 460736
0 460768
0 460800
0 460832
0 460864
0 460896
0 460928
0 460960
0 460992
0 461024
0 461056
0 461088
0 461120
0 461152
0 461184
0 461216
0 461248
0 461280
0 461312
0 461344
0 461376
0 461408
0 461440
0 461472
0 461504
0 461536
0 461568
0 461600
0 461632
0 461664
0 461696
0 461728
0 461760
0 461792
0 461824
0 461856
0 461888
0 461920
0 461952
0 461984
0 462016
0 462048
0 462080
0 462112
0 462144
0 462176
0 462208
0 462240
0 462272
0 462304
0 462336
0 462368
0 462400
0 462432
0 462464
0 462496
0 462528
0 462560
0 462592
0 462624
0 462656
0 462688
0 462720
0 462752
0 462784
0 462816
0 462848
0 462880
0 462912
0 462944
0 462976
0 463008
0 463040
0 463072
0 463104
0 463136
0 463168
0 463200
0 463232
0 463264
0 463296
0 463328
0 463360
0 463392
0 463424
0 463456
0 463488
0 463520
0 463552
0 463584
0 463616
0 463648
0 463680
0 463712
0 463744
0 463776
0 463808
0 463840
0 463872
0 463904
0 463936
0 463968
0 464000
0 464032
0 464064
0 464096
0 464128
0 464160
0 464192
0 464224
0 464256
0 464288
0 464320
0 464352
0 464384
0 464416
0 464448
0 464480
0 464512
0 464544
0 464576
0 464608
0 464640
0 464672
0 464704
0 464736
0 464768
0 464800
0 464832
0 464864
0 464896
0 464928
0 464960
0 464992
0 465024
0 465056
0 465088
0 465120
0 465152
0 465184
0 465216
0 465248
0 465280
0 465312
0 465344
0 465376
0 465408
0 465440
0 465472
0 465504
0 465536
0 465568
0 465600
0 465632
0 465664
0 465696
0 465728
0 465760
0 465792
0 465824
0 465856
0 465888
0 465920
0 465952
0 465984
0 466016
0 466048
0 466080
0 466112
0 466144
0 466176
0 466208
0 466240
0 466272
0 466304
0 466336
0 466368
0 466400
0 466432
0 466464
0 466496
0 466528
0 466560
0 466592
0 466624
0 466656
0 466688
0 466720
0 466752
0 466784
0 466816
0 466848
0 466880
0 466912
0 466944
0 466976
0 467008
0 467040
0 467072
0 467104
0 467136
0 467168
0 467200
0 467232
0 467264
0 467296
0 467328
0 467360
0 467392
0 467424
0 467456
0 467488
0 467520
0 467552
0 467584
0 467616
0 467648
0 467680
0 467712
0 467744
0 467776
0 467808
0 467840
0 467872
0 467904
0 467936
0 467968
0 468000
0 468032
0 468064
0 468096
0 468128
0 468160
0 468192
0 468224
0 468256
0 468288
0 468320
0 468352
0 468384
0 468416
0 468448
0 468480
0 468512
0 468544
0 468576
0 468608
0 468640
0 468672
0 468704
0 468736
0 468768
0 468800
0 468832
0 468864
0 468896
0 468928
0 468960
0 468992
0 469024
0 469056
0 469088
0 469120
0 469152
0 469184
0 469216
0 469248
0 469280
0 469312
0 469344
0 469376
0 469408
0 469440
0 469472
0 469504
0 469536
0 469568
0 469600
0 469632
0 469664
0 469696
0 469728
0 469760
0 469792
0 469824
0 469856
0 469888
0 469920
0 469952
0 469984
0 470016
0 470048
0 470080
0 470112
0 470144
0 470176
0 470208
0 470240
0 470272
0 470304
0 470336
0 470368
0 470400
0 470432
0 470464
0 470496
0 470528
0 470560
0 470592
0 470624
0 470656
0 470688
0 470720
0 470752
0 470784
0 470816
0 470848
0 470880
0 470912
0 470944
0 470976
0 471008
0 471040
0 471072
0 471104
0 471136
0 471168
0 471200
0 471232
0 471264
0 471296
0 471328
0 471360
0 471392
0 471424
0 471456
0 471488
0 471520
0 471552
0 471584
0 471616
0 471648
0 471680
0 471712
0 471744
0 471776
0 471808
0 471840
0 471872
0 471904
0 471936
0 471968
0 472000
0 472032
0 472064
0 472096
0 472128
0 472160
0 472192
0 472224
0 472256
0 472288
0 472320
0 472352
0 472384
0 472416
0 472448
0 472480
0 472512
0 472544
0 472576
0 472608
0 472640
0 472672
0 472704
0 472736
0 472768
0 472800
0 472832
0 472864
0 472896
0 472928
0 472960
0 472992
0 473024
0 473056
0 473088
0 473120
0 473152
0 473184
0 473216
0 473248
0 473280
0 473312
0 473344
0 473376
0 473408
0 473440
0 473472
0 473504
0 473536
0 473568
0 473600
0 473632
0 473664
0 473696
0 473728
0 473760
0 473792
0 473824
0 473856
0 473888
0 473920
0 473952
0 473984
0 474016
0 474048
0 474080
0 474112
0 474144
0 474176
0 474208
0 474240
0 474272
0 474304
0 474336
0 474368
0 474400
0 474432
0 474464
0 474496
0 474528
0 474560
0 474592
0 474624
0 474656
0 474688
0 474720
0 474752
0 474784
0 474816
0 474848
0 474880
0 474912
0 474944
0 474976
0 475008
0 475040
0 475072
0 475104
0 475136
0 475168
0 475200
0 475232
0 475264
0 475296
0 475328
0 475360
0 475392
0 475424
0 475456
0 475488
0 475520
0 475552
0 475584
0 475616
0 475648
0 475680
0 475712
0 475744
0 475776
0 475808
0 475840
0 475872
0 475904
0 475936
0 475968
0 476000
0 476032
0 476064
0 476096
0 476128
0 476160
0 476192
0 476224
0 476256
0 476288
0 476320
0 476352
0 476384
0 476416
0 476448
0 476480
0 476512
0 476544
0 476576
0 476608
0 476640
0 476672
0 476704
0 476736
0 476768
0 476800
0 476832
0 476864
0 476896
0 476928
0 476960
0 476992
0 477024
0 477056
0 477088
0 477120
0 477152
0 477184
0 477216
0 477248
0 477280
0 477312
0 477344
0 477376
0 477408
0 477440
0 477472
0 477504
0 477536
0 477568
0 477600
0 477632
0 477664
0 477696
0 477728
0 477760
0 477792
0 477824
0 477856
0 477888
0 477920
0 477952
0 477984
0 478016
0 478048
0 478080
0 478112
0 478144
0 478176
0 478208
0 478240
0 478272
0 478304
0 478336
0 478368
0 478400
0 478432
0 478464
0 478496
0 478528
0 478560
0 478592
0 478624
0 478656
0 478688
0 478720
0 478752
0 478784
0 478816
0 478848
0 478880
0 478912
0 478944
0 478976
0 479008
0 479040
0 479072
0 479104
0 479136
0 479168
0 479200
0 479232
0 479264
0 479296
0 479328
0 479360
0 479392
0 479424
0 479456
0 479488
0 479520
0 479552
0 479584
0 479616
0 479648
0 479680
0 479712
0 479744
0 479776
0 479808
0 479840
0 479872
0 479904
0 479936
0 479968
0 480000
0 480032
0 480064
0 480096
0 480128
0 480160
0 480192
0 480224
0 480256
0 480288
0 480320
0 480352
0 480384
0 480416
0 480448
0 480480
0 480512
0 480544
0 480576
0 480608
0 480640
0 480672
0 480704
0 480736
0 480768
0 480800
0 480832
0 480864
0 480896
0 480928
0 480960
0 480992
0 481024
0 481056
0 481088
0 481120
0 481152
0 481184
0 481216
0 481248
0 481280
0 481312
0 481344
0 481376
0 481408
0 481440
0 481472
0 481504
0 481536
0 481568
0 481600
0 481632
0 481664
0 481696
0 481728
0 481760
0 481792
0 481824
0 481856
0 481888
0 481920
0 481952
0 481984
0 482016
0 482048
0 482080
0 482112
0 482144
0 482176
0 482208
0 482240
0 482272
0 482304
0 482336
0 482368
0 482400
0 482432
0 482464
0 482496
0 482528
0 482560
0 482592
0 482624
0 482656
0 482688
0 482720
0 482752
0 482784
0 482816
0 482848
0 482880
0 482912
0 482944
0 482976
0 483008
0 483040
0 483072
0 483104
0 483136
0 483168
0 483200
0 483232
0 483264
0 483296
0 483328
0 483360
0 483392
0 483424
0 483456
0 483488
0 483520
0 483552
0 483584
0 483616
0 483648
0 483680
0 483712
0 483744
0 483776
0 483808
0 483840
0 483872
0 483904
0 483936
0 483968
0 484000
0 484032
0 484064
0 484096
0 484128
0 484160
0 484192
0 484224
0 484256
0 484288
0 484320
0 484352
0 484384
0 484416
0 484448
0 484480
0 484512
0 484544
0 484576
0 484608
0 484640
0 484672
0 484704
0 484736
0 484768
0 484800
0 484832
0 484864
0 484896
0 484928
0 484960
0 484992
0 485024
0 485056
0 485088
0 485120
0 485152
0 485184
0 485216
0 485248
0 485280
0 485312
0 485344
0 485376
0 485408
0 485440
0 485472
0 485504
0 485536
0 485568
0 485600
0 485632
0 485664
0 485696
0 485728
0 485760
0 485792
0 485824
0 485856
0 485888
0 485920
0 485952
0 485984
0 486016
0 486048
0 486080
0 486112
0 486144
0 486176
0 486208
0 486240
0 486272
0 486304
0 486336
0 486368
0 486400
0 486432
0 486464
0 486496
0 486528
0 486560
0 486592
0 486624
0 486656
0 486688
0 486720
0 486752
0 486784
0 486816
0 486848
0 486880
0 486912
0 486944
0 486976
0 487008
0 487040
0 487072
0 487104
0 487136
0 487168
0 487200
0 487232
0 487264
0 487296
0 487328
0 487360
0 487392
0 487424
0 487456
0 487488
0 487520
0 487552
0 487584
0 487616
0 487648
0 487680
0 487712
0 487744
0 487776
0 487808
0 487840
0 487872
0 487904
0 487936
0 487968
0 488000
0 488032
0 488064
0 488096
0 488128
0 488160
0 488192
0 488224
0 488256
0 488288
0 488320
0 488352
0 488384
0 488416
0 488448
0 488480
0 488512
0 488544
0 488576
0 488608
0 488640
0 488672
0 488704
0 488736
0 488768
0 488800
0 488832
0 488864
0 488896
0 488928
0 488960
0 488992
0 489024
0 489056
0 489088
0 489120
0 489152
0 489184
0 489216
0 489248
0 489280
0 489312
0 489344
0 489376
0 489408
0 489440
0 489472
0 489504
0 489536
0 489568
0 489600
0 489632
0 489664
0 489696
0 489728
0 489760
0 489792
0 489824
0 489856
0 489888
0 489920
0 489952
0 489984
0 490016
0 490048
0 490080
0 490112
0 490144
0 490176
0 490208
0 490240
0 490272
0 490304
0 490336
0 490368
0 490400
0 490432
0 490464
0 490496
0 490528
0 490560
0 490592
0 490624
0 490656
0 490688
0 490720
0 490752
0 490784
0 490816
0 490848
0 490880
0 490912
0 490944
0 490976
0 491008
0 491040
0 491072
0 491104
0 491136
0 491168
0 491200
0 491232
0 491264
0 491296
0 491328
0 491360
0 491392
0 491424
0 491456
0 491488
0 491520
0 491552
0 491584
0 491616
0 491648
0 491680
0 491712
0 491744
0 491776
0 491808
0 491840
0 491872
0 491904
0 491936
0 491968
0 492000
0 492032
0 492064
0 492096
0 492128
0 492160
0 492192
0 492224
0 492256
0 492288
0 492320
0 492352
0 492384
0 492416
0 492448
0 492480
0 492512
0 492544
0 492576
0 492608
0 492640
0 492672
0 492704
0 492736
0 492768
0 492800
0 492832
0 492864
0 492896
0 492928
0 492960
0 492992
0 493024
0 493056
0 493088
0 493120
0 493152
0 493184
0 493216
0 493248
0 493280
0 493312
0 493344
0 493376
0 493408
0 493440
0 493472
0 493504
0 493536
0 493568
0 493600
0 493632
0 493664
0 493696
0 493728
0 493760
0 493792
0 493824
0 493856
0 493888
0 493920
0 493952
0 493984
0 494016
0 494048
0 494080
0 494112
0 494144
0 494176
0 494208
0 494240
0 494272
0 494304
0 494336
0 494368
0 494400
0 494432
0 494464
0 494496
0 494528
0 494560
0 494592
0 494624
0 494656
0 494688
0 494720
0 494752
0 494784
0 494816
0 494848
0 494880
0 494912
0 494944
0 494976
0 495008
0 495040
0 495072
0 495104
0 495136
0 495168
0 495200
0 495232
0 495264
0 495296
0 495328
0 495360
0 495392
0 495424
0 495456
0 495488
0 495520
0 495552
0 495584
0 495616
0 495648
0 495680
0 495712
0 495744
0 495776
0 495808
0 495840
0 495872
0 495904
0 495936
0 495968
0 496000
0 496032
0 496064
0 496096
0 496128
0 496160
0 496192
0 496224
0 496256
0 496288
0 496320
0 496352
0 496384
0 496416
0 496448
0 496480
0 496512
0 496544
0 496576
0 496608
0 496640
0 496672
0 496704
0 496736
0 496768
0 496800
0 496832
0 496864
0 496896
0 496928
0 496960
0 496992
0 497024
0 497056
0 497088
0 497120
0 497152
0 497184
0 497216
0 497248
0 497280
0 497312
0 497344
0 497376
0 497408
0 497440
0 497472
0 497504
0 497536
0 497568
0 497600
0 497632
0 497664
0 497696
0 497728
0 497760
0 497792
0 497824
0 497856
0 497888
0 497920
0 497952
0 497984
0 498016
0 498048
0 498080
0 498112
0 498144
0 498176
0 498208
0 498240
0 498272
0 498304
0 498336
0 498368
0 498400
0 498432
0 498464
0 498496
0 498528
0 498560
0 498592
0 498624
0 498656
0 498688
0 498720
0 498752
0 498784
0 498816
0 498848
0 498880
0 498912
0 498944
0 498976
0 499008
0 499040
0 499072
0 499104
0 499136
0 499168
0 499200
0 499232
0 499264
0 499296
0 499328
0 499360
0 499392
0 499424
0 499456
0 499488
0 499520
0 499552
0 499584
0 499616
0 499648
0 499680
0 499712
0 499744
0 499776
0 499808
0 499840
0 499872
0 499904
0 499936
0 499968
0 500000
0 500032
0 500064
0 500096
0 500128
0 500160
0 500192
0 500224
0 500256
0 500288
0 500320
0 500352
0 500384
0 500416
0 500448
0 500480
0 500512
0 500544
0 500576
0 500608
0 500640
0 500672
0 500704
0 500736
0 500768
0 500800
0 500832
0 500864
0 500896
0 500928
0 500960
0 500992
0 501024
0 501056
0 501088
0 501120
0 501152
0 501184
0 501216
0 501248
0 501280
0 501312
0 501344
0 501376
0 501408
0 501440
0 501472
0 501504
0 501536
0 501568
0 501600
0 501632
0 501664
0 501696
0 501728
0 501760
0 501792
0 501824
0 501856
0 501888
0 501920
0 501952
0 501984
0 502016
0 502048
0 502080
0 502112
0 502144
0 502176
0 502208
0 502240
0 502272
0 502304
0 502336
0 502368
0 502400
0 502432
0 502464
0 502496
0 502528
0 502560
0 502592
0 502624
0 502656
0 502688
0 502720
0 502752
0 502784
0 502816
0 502848
0 502880
0 502912
0 502944
0 502976
0 503008
0 503040
0 503072
0 503104
0 503136
0 503168
0 503200
0 503232
0 503264
0 503296
0 503328
0 503360
0 503392
0 503424
0 503456
0 503488
0 503520
0 503552
0 503584
0 503616
0 503648
0 503680
0 503712
0 503744
0 503776
0 503808
0 503840
0 503872
0 503904
0 503936
0 503968
0 504000
0 504032
0 504064
0 504096
0 504128
0 504160
0 504192
0 504224
0 504256
0 504288
0 504320
0 504352
0 504384
0 504416
0 504448
0 504480
0 504512
0 504544
0 504576
0 504608
0 504640
0 504672
0 504704
0 504736
0 504768
0 504800
0 504832
0 504864
0 504896
0 504928
0 504960
0 504992
0 505024
0 505056
0 505088
0 505120
0 505152
0 505184
0 505216
0 505248
0 505280
0 505312
0 505344
0 505376
0 505408
0 505440
0 505472
0 505504
0 505536
0 505568
0 505600
0 505632
0 505664
0 505696
0 505728
0 505760
0 505792
0 505824
0 505856
0 505888
0 505920
0 505952
0 505984
0 506016
0 506048
0 506080
0 506112
0 506144
0 506176
0 506208
0 506240
0 506272
0 506304
0 506336
0 506368
0 506400
0 506432
0 506464
0 506496
0 506528
0 506560
0 506592
0 506624
0 506656
0 506688
0 506720
0 506752
0 506784
0 506816
0 506848
0 506880
0 506912
0 506944
0 506976
0 507008
0 507040
0 507072
0 507104
0 507136
0 507168
0 507200
0 507232
0 507264
0 507296
0 507328
0 507360
0 507392
0 507424
0 507456
0 507488
0 507520
0 507552
0 507584
0 507616
0 507648
0 507680
0 507712
0 507744
0 507776
0 507808
0 507840
0 507872
0 507904
0 507936
0 507968
0 508000
0 508032
0 508064
0 508096
0 508128
0 508160
0 508192
0 508224
0 508256
0 508288
0 508320
0 508352
0 508384
0 508416
0 508448
0 508480
0 508512
0 508544
0 508576
0 508608
0 508640
0 508672
0 508704
0 508736
0 508768
0 508800
0 508832
0 508864
0 508896
0 508928
0 508960
0 508992
0 509024
0 509056
0 509088
0 509120
0 509152
0 509184
0 509216
0 509248
0 509280
0 509312
0 509344
0 509376
0 509408
0 509440
0 509472
0 509504
0 509536
0 509568
0 509600
0 509632
0 509664
0 509696
0 509728
0 509760
0 509792
0 509824
0 509856
0 509888
0 509920
0 509952
0 509984
0 510016
0 510048
0 510080
0 510112
0 510144
0 510176
0 510208
0 510240
0 510272
0 510304
0 510336
0 510368
0 510400
0 510432
0 510464
0 510496
0 510528
0 510560
0 510592
0 510624
0 510656
0 510688
0 510720
0 510752
0 510784
0 510816
0 510848
0 510880
0 510912
0 510944
0 510976
0 511008
0 511040
0 511072
0 511104
0 511136
0 511168
0 511200
0 511232
0 511264
0 511296
0 511328
0 511360
0 511392
0 511424
0 511456
0 511488
0 511520
0 511552
0 511584
0 511616
0 511648
0 511680
0 511712
0 511744
0 511776
0 511808
0 511840
0 511872
0 511904
0 511936
0 511968
0 512000
0 512032
0 512064
0 512096
0 512128
0 512160
0 512192
0 512224
0 512256
0 512288
0 512320
0 512352
0 512384
0 512416
0 512448
0 512480
0 512512
0 512544
0 512576
0 512608
0 512640
0 512672
0 512704
0 512736
0 512768
0 512800
0 512832
0 512864
0 512896
0 512928
0 512960
0 512992
0 513024
0 513056
0 513088
0 513120
0 513152
0 513184
0 513216
0 513248
0 513280
0 513312
0 513344
0 513376
0 513408
0 513440
0 513472
0 513504
0 513536
0 513568
0 513600
0 513632
0 513664
0 513696
0 513728
0 513760
0 513792
0 513824
0 513856
0 513888
0 513920
0 513952
0 513984
0 514016
0 514048
0 514080
0 514112
0 514144
0 514176
0 514208
0 514240
0 514272
0 514304
0 514336
0 514368
0 514400
0 514432
0 514464
0 514496
0 514528
0 514560
0 514592
0 514624
0 514656
0 514688
0 514720
0 514752
0 514784
0 514816
0 514848
0 514880
0 514912
0 514944
0 514976
0 515008
0 515040
0 515072
0 515104
0 515136
0 515168
0 515200
0 515232
0 515264
0 515296
0 515328
0 515360
0 515392
0 515424
0 515456
0 515488
0 515520
0 515552
0 515584
0 515616
0 515648
0 515680
0 515712
0 515744
0 515776
0 515808
0 515840
0 515872
0 515904
0 515936
0 515968
0 516000
0 516032
0 516064
0 516096
0 516128
0 516160
0 516192
0 516224
0 516256
0 516288
0 516320
0 516352
0 516384
0 516416
0 516448
0 516480
0 516512
0 516544
0 516576
0 516608
0 516640
0 516672
0 516704
0 516736
0 516768
0 516800
0 516832
0 516864
0 516896
0 516928
0 516960
0 516992
0 517024
0 517056
0 517088
0 517120
0 517152
0 517184
0 517216
0 517248
0 517280
0 517312
0 517344
0 517376
0 517408
0 517440
0 517472
0 517504
0 517536
0 517568
0 517600
0 517632
0 517664
0 517696
0 517728
0 517760
0 517792
0 517824
0 517856
0 517888
0 517920
0 517952
0 517984
0 518016
0 518048
0 518080
0 518112
0 518144
0 518176
0 518208
0 518240
0 518272
0 518304
0 518336
0 518368
0 518400
0 518432
0 518464
0 518496
0 518528
0 518560
0 518592
0 518624
0 518656
0 518688
0 518720
0 518752
0 518784
0 518816
0 518848
0 518880
0 518912
0 518944
0 518976
0 519008
0 519040
0 519072
0 519104
0 519136
0 519168
0 519200
0 519232
0 519264
0 519296
0 519328
0 519360
0 519392
0 519424
0 519456
0 519488
0 519520
0 519552
0 519584
0 519616
0 519648
0 519680
0 519712
0 519744
0 519776
0 519808
0 519840
0 519872
0 519904
0 519936
0 519968
0 520000
0 520032
0 520064
0 520096
0 520128
0 520160
0 520192
0 520224
0 520256
0 520288
0 520320
0 520352
0 520384
0 520416
0 520448
0 520480
0 520512
0 520544
0 520576
0 520608
0 520640
0 520672
0 520704
0 520736
0 520768
0 520800
0 520832
0 520864
0 520896
0 520928
0 520960
0 520992
0 521024
0 521056
0 521088
0 521120
0 521152
0 521184
0 521216
0 521248
0 521280
0 521312
0 521344
0 521376
0 521408
0 521440
0 521472
0 521504
0 521536
0 521568
0 521600
0 521632
0 521664
0 521696
0 521728
0 521760
0 521792
0 521824
0 521856
0 521888
0 521920
0 521952
0 521984
0 522016
0 522048
0 522080
0 522112
0 522144
0 522176
0 522208
0 522240
0 522272
0 522304
0 522336
0 522368
0 522400
0 522432
0 522464
0 522496
0 522528
0 522560
0 522592
0 522624
0 522656
0 522688
0 522720
0 522752
0 522784
0 522816
0 522848
0 522880
0 522912
0 522944
0 522976
0 523008
0 523040
0 523072
0 523104
0 523136
0 523168
0 523200
0 523232
0 523264
0 523296
0 523328
0 523360
0 523392
0 523424
0 523456
0 523488
0 523520
0 523552
0 523584
0 523616
0 523648
0 523680
0 523712
0 523744
0 523776
0 523808
0 523840
0 523872
0 523904
0 523936
0 523968
0 524000
0 524032
0 524064
0 524096
0 524128
0 524160
0 524192
0 524224
0 524256
