1 0
1 32
1 64
1 96
1 128
1 160
1 192
1 224
1 256
1 288
1 320
1 352
1 384
1 416
1 448
1 480
1 512
1 544
1 576
1 608
1 640
1 672
1 704
1 736
1 768
1 800
1 832
1 864
1 896
1 928
1 960
1 992
1 1024
1 1056
1 1088
1 1120
1 1152
1 1184
1 1216
1 1248
1 1280
1 1312
1 1344
1 1376
1 1408
1 1440
1 1472
1 1504
1 1536
1 1568
1 1600
1 1632
1 1664
1 1696
1 1728
1 1760
1 1792
1 1824
1 1856
1 1888
1 1920
1 1952
1 1984
1 2016
1 2048
1 2080
1 2112
1 2144
1 2176
1 2208
1 2240
1 2272
1 2304
1 2336
1 2368
1 2400
1 2432
1 2464
1 2496
1 2528
1 2560
1 2592
1 2624
1 2656
1 2688
1 2720
1 2752
1 2784
1 2816
1 2848
1 2880
1 2912
1 2944
1 2976
1 3008
1 3040
1 3072
1 3104
1 3136
1 3168
1 3200
1 3232
1 3264
1 3296
1 3328
1 3360
1 3392
1 3424
1 3456
1 3488
1 3520
1 3552
1 3584
1 3616
1 3648
1 3680
1 3712
1 3744
1 3776
1 3808
1 3840
1 3872
1 3904
1 3936
1 3968
1 4000
1 4032
1 4064
1 4096
1 4128
1 4160
1 4192
1 4224
1 4256
1 4288
1 4320
1 4352
1 4384
1 4416
1 4448
1 4480
1 4512
1 4544
1 4576
1 4608
1 4640
1 4672
1 4704
1 4736
1 4768
1 4800
1 4832
1 4864
1 4896
1 4928
1 4960
1 4992
1 5024
1 5056
1 5088
1 5120
1 5152
1 5184
1 5216
1 5248
1 5280
1 5312
1 5344
1 5376
1 5408
1 5440
1 5472
1 5504
1 5536
1 5568
1 5600
1 5632
1 5664
1 5696
1 5728
1 5760
1 5792
1 5824
1 5856
1 5888
1 5920
1 5952
1 5984
1 6016
1 6048
1 6080
1 6112
1 6144
1 6176
1 6208
1 6240
1 6272
1 6304
1 6336
1 6368
1 6400
1 6432
1 6464
1 6496
1 6528
1 6560
1 6592
1 6624
1 6656
1 6688
1 6720
1 6752
1 6784
1 6816
1 6848
1 6880
1 6912
1 6944
1 6976
1 7008
1 7040
1 7072
1 7104
1 7136
1 7168
1 7200
1 7232
1 7264
1 7296
1 7328
1 7360
1 7392
1 7424
1 7456
1 7488
1 7520
1 7552
1 7584
1 7616
1 7648
1 7680
1 7712
1 7744
1 7776
1 7808
1 7840
1 7872
1 7904
1 7936
1 7968
1 8000
1 8032
1 8064
1 8096
1 8128
1 8160
1 65536
1 65568
1 65600
1 65632
1 65664
1 65696
1 65728
1 65760
1 65792
1 65824
1 65856
1 65888
1 65920
1 65952
1 65984
1 66016
1 66048
1 66080
1 66112
1 66144
1 66176
1 66208
1 66240
1 66272
1 66304
1 66336
1 66368
1 66400
1 66432
1 66464
1 66496
1 66528
1 66560
1 66592
1 66624
1 66656
1 66688
1 66720
1 66752
1 66784
1 66816
1 66848
1 66880
1 66912
1 66944
1 66976
1 67008
1 67040
1 67072
1 67104
1 67136
1 67168
1 67200
1 67232
1 67264
1 67296
1 67328
1 67360
1 67392
1 67424
1 67456
1 67488
1 67520
1 67552
1 67584
1 67616
1 67648
1 67680
1 67712
1 67744
1 67776
1 67808
1 67840
1 67872
1 67904
1 67936
1 67968
1 68000
1 68032
1 68064
1 68096
1 68128
1 68160
1 68192
1 68224
1 68256
1 68288
1 68320
1 68352
1 68384
1 68416
1 68448
1 68480
1 68512
1 68544
1 68576
1 68608
1 68640
1 68672
1 68704
1 68736
1 68768
1 68800
1 68832
1 68864
1 68896
1 68928
1 68960
1 68992
1 69024
1 69056
1 69088
1 69120
1 69152
1 69184
1 69216
1 69248
1 69280
1 69312
1 69344
1 69376
1 69408
1 69440
1 69472
1 69504
1 69536
1 69568
1 69600
1 69632
1 69664
1 69696
1 69728
1 69760
1 69792
1 69824
1 69856
1 69888
1 69920
1 69952
1 69984
1 70016
1 70048
1 70080
1 70112
1 70144
1 70176
1 70208
1 70240
1 70272
1 70304
1 70336
1 70368
1 70400
1 70432
1 70464
1 70496
1 70528
1 70560
1 70592
1 70624
1 70656
1 70688
1 70720
1 70752
1 70784
1 70816
1 70848
1 70880
1 70912
1 70944
1 70976
1 71008
1 71040
1 71072
1 71104
1 71136
1 71168
1 71200
1 71232
1 71264
1 71296
1 71328
1 71360
1 71392
1 71424
1 71456
1 71488
1 71520
1 71552
1 71584
1 71616
1 71648
1 71680
1 71712
1 71744
1 71776
1 71808
1 71840
1 71872
1 71904
1 71936
1 71968
1 72000
1 72032
1 72064
1 72096
1 72128
1 72160
1 72192
1 72224
1 72256
1 72288
1 72320
1 72352
1 72384
1 72416
1 72448
1 72480
1 72512
1 72544
1 72576
1 72608
1 72640
1 72672
1 72704
1 72736
1 72768
1 72800
1 72832
1 72864
1 72896
1 72928
1 72960
1 72992
1 73024
1 73056
1 73088
1 73120
1 73152
1 73184
1 73216
1 73248
1 73280
1 73312
1 73344
1 73376
1 73408
1 73440
1 73472
1 73504
1 73536
1 73568
1 73600
1 73632
1 73664
1 73696
2 77777
0 4294443008
0 4294443040
0 4294443072
0 4294443104
0 4294443136
0 4294443168
0 4294443200
0 4294443232
0 4294443264
0 4294443296
0 4294443328
0 4294443360
0 4294443392
0 4294443424
0 4294443456
0 4294443488
1 4293918720
1 4293926912
1 4293935104
1 4293943296
1 4293918752
1 4293926944
1 4293935136
1 4293943328
1 4293918784
1 4293926976
1 4293935168
1 4293943360
1 4293918816
1 4293927008
1 4293935200
1 4293943392
1 4293918848
1 4293927040
1 4293935232
1 4293943424
1 4293918880
1 4293927072
1 4293935264
1 4293943456
1 4293918912
1 4293927104
1 4293935296
1 4293943488
1 4293918944
1 4293927136
1 4293935328
1 4293943520
1 4293918976
1 4293927168
1 4293935360
1 4293943552
1 4293919008
1 4293927200
1 4293935392
1 4293943584
1 4293919040
1 4293927232
1 4293935424
1 4293943616
1 4293919072
1 4293927264
1 4293935456
1 4293943648
1 4293919104
1 4293927296
1 4293935488
1 4293943680
1 4293919136
1 4293927328
1 4293935520
1 4293943712
1 4293919168
1 4293927360
1 4293935552
1 4293943744
1 4293919200
1 4293927392
1 4293935584
1 4293943776
1 4294180864
1 4294180896
1 4294180928
1 4294180960
1 4294180992
1 4294181024
1 4294181056
1 4294181088
1 4294181120
1 4294181152
1 4294181184
1 4294181216
1 4294181248
1 4294181280
1 4294181312
1 4294181344
0 0
0 8192
0 16384
0 24576
0 32768
0 40960
0 49152
0 57344
0 32
0 8224
0 16416
0 24608
0 32800
0 40992
0 49184
0 57376
0 64
0 8256
0 16448
0 24640
0 32832
0 41024
0 49216
0 57408
0 96
0 8288
0 16480
0 24672
0 32864
0 41056
0 49248
0 57440
0 128
0 8320
0 16512
0 24704
0 32896
0 41088
0 49280
0 57472
0 160
0 8352
0 16544
0 24736
0 32928
0 41120
0 49312
0 57504
0 192
0 8384
0 16576
0 24768
0 32960
0 41152
0 49344
0 57536
0 224
0 8416
0 16608
0 24800
0 32992
0 41184
0 49376
0 57568
0 256
0 8448
0 16640
0 24832
0 33024
0 41216
0 49408
0 57600
0 288
0 8480
0 16672
0 24864
0 33056
0 41248
0 49440
0 57632
0 320
0 8512
0 16704
0 24896
0 33088
0 41280
0 49472
0 57664
0 352
0 8544
0 16736
0 24928
0 33120
0 41312
0 49504
0 57696
0 384
0 8576
0 16768
0 24960
0 33152
0 41344
0 49536
0 57728
0 416
0 8608
0 16800
0 24992
0 33184
0 41376
0 49568
0 57760
0 448
0 8640
0 16832
0 25024
0 33216
0 41408
0 49600
0 57792
0 480
0 8672
0 16864
0 25056
0 33248
0 41440
0 49632
0 57824
0 65536
0 73728
0 81920
0 90112
0 98304
0 106496
0 114688
0 122880
0 65568
0 73760
0 81952
0 90144
0 98336
0 106528
0 114720
0 122912
0 65600
0 73792
0 81984
0 90176
0 98368
0 106560
0 114752
0 122944
0 65632
0 73824
0 82016
0 90208
0 98400
0 106592
0 114784
0 122976
0 65664
0 73856
0 82048
0 90240
0 98432
0 106624
0 114816
0 123008
0 65696
0 73888
0 82080
0 90272
0 98464
0 106656
0 114848
0 123040
0 65728
0 73920
0 82112
0 90304
0 98496
0 106688
0 114880
0 123072
0 65760
0 73952
0 82144
0 90336
0 98528
0 106720
0 114912
0 123104
0 65792
0 73984
0 82176
0 90368
0 98560
0 106752
0 114944
0 123136
0 65824
0 74016
0 82208
0 90400
0 98592
0 106784
0 114976
0 123168
0 65856
0 74048
0 82240
0 90432
0 98624
0 106816
0 115008
0 123200
0 65888
0 74080
0 82272
0 90464
0 98656
0 106848
0 115040
0 123232
0 65920
0 74112
0 82304
0 90496
0 98688
0 106880
0 115072
0 123264
0 65952
0 74144
0 82336
0 90528
0 98720
0 106912
0 115104
0 123296
0 65984
0 74176
0 82368
0 90560
0 98752
0 106944
0 115136
0 123328
0 66016
0 74208
0 82400
0 90592
0 98784
0 106976
0 115168
0 123360
1 131072
1 139264
1 147456
1 155648
1 163840
1 172032
1 180224
1 188416
1 131104
1 139296
1 147488
1 155680
1 163872
1 172064
1 180256
1 188448
1 131136
1 139328
1 147520
1 155712
1 163904
1 172096
1 180288
1 188480
1 131168
1 139360
1 147552
1 155744
1 163936
1 172128
1 180320
1 188512
1 131200
1 139392
1 147584
1 155776
1 163968
1 172160
1 180352
1 188544
1 131232
1 139424
1 147616
1 155808
1 164000
1 172192
1 180384
1 188576
1 131264
1 139456
1 147648
1 155840
1 164032
1 172224
1 180416
1 188608
1 131296
1 139488
1 147680
1 155872
1 164064
1 172256
1 180448
1 188640
1 131328
1 139520
1 147712
1 155904
1 164096
1 172288
1 180480
1 188672
1 131360
1 139552
1 147744
1 155936
1 164128
1 172320
1 180512
1 188704
1 131392
1 139584
1 147776
1 155968
1 164160
1 172352
1 180544
1 188736
1 131424
1 139616
1 147808
1 156000
1 164192
1 172384
1 180576
1 188768
1 131456
1 139648
1 147840
1 156032
1 164224
1 172416
1 180608
1 188800
1 131488
1 139680
1 147872
1 156064
1 164256
1 172448
1 180640
1 188832
1 131520
1 139712
1 147904
1 156096
1 164288
1 172480
1 180672
1 188864
1 131552
1 139744
1 147936
1 156128
1 164320
1 172512
1 180704
1 188896
1 4294180864
1 4294180896
1 4294180928
1 4294180960
1 4294180992
1 4294181024
1 4294181056
1 4294181088
1 4294181120
1 4294181152
1 4294181184
1 4294181216
1 4294181248
1 4294181280
1 4294181312
1 4294181344
0 512
0 8704
0 16896
0 25088
0 33280
0 41472
0 49664
0 57856
0 544
0 8736
0 16928
0 25120
0 33312
0 41504
0 49696
0 57888
0 576
0 8768
0 16960
0 25152
0 33344
0 41536
0 49728
0 57920
0 608
0 8800
0 16992
0 25184
0 33376
0 41568
0 49760
0 57952
0 640
0 8832
0 17024
0 25216
0 33408
0 41600
0 49792
0 57984
0 672
0 8864
0 17056
0 25248
0 33440
0 41632
0 49824
0 58016
0 704
0 8896
0 17088
0 25280
0 33472
0 41664
0 49856
0 58048
0 736
0 8928
0 17120
0 25312
0 33504
0 41696
0 49888
0 58080
0 768
0 8960
0 17152
0 25344
0 33536
0 41728
0 49920
0 58112
0 800
0 8992
0 17184
0 25376
0 33568
0 41760
0 49952
0 58144
0 832
0 9024
0 17216
0 25408
0 33600
0 41792
0 49984
0 58176
0 864
0 9056
0 17248
0 25440
0 33632
0 41824
0 50016
0 58208
0 896
0 9088
0 17280
0 25472
0 33664
0 41856
0 50048
0 58240
0 928
0 9120
0 17312
0 25504
0 33696
0 41888
0 50080
0 58272
0 960
0 9152
0 17344
0 25536
0 33728
0 41920
0 50112
0 58304
0 992
0 9184
0 17376
0 25568
0 33760
0 41952
0 50144
0 58336
0 66048
0 74240
0 82432
0 90624
0 98816
0 107008
0 115200
0 123392
0 66080
0 74272
0 82464
0 90656
0 98848
0 107040
0 115232
0 123424
0 66112
0 74304
0 82496
0 90688
0 98880
0 107072
0 115264
0 123456
0 66144
0 74336
0 82528
0 90720
0 98912
0 107104
0 115296
0 123488
0 66176
0 74368
0 82560
0 90752
0 98944
0 107136
0 115328
0 123520
0 66208
0 74400
0 82592
0 90784
0 98976
0 107168
0 115360
0 123552
0 66240
0 74432
0 82624
0 90816
0 99008
0 107200
0 115392
0 123584
0 66272
0 74464
0 82656
0 90848
0 99040
0 107232
0 115424
0 123616
0 66304
0 74496
0 82688
0 90880
0 99072
0 107264
0 115456
0 123648
0 66336
0 74528
0 82720
0 90912
0 99104
0 107296
0 115488
0 123680
0 66368
0 74560
0 82752
0 90944
0 99136
0 107328
0 115520
0 123712
0 66400
0 74592
0 82784
0 90976
0 99168
0 107360
0 115552
0 123744
0 66432
0 74624
0 82816
0 91008
0 99200
0 107392
0 115584
0 123776
0 66464
0 74656
0 82848
0 91040
0 99232
0 107424
0 115616
0 123808
0 66496
0 74688
0 82880
0 91072
0 99264
0 107456
0 115648
0 123840
0 66528
0 74720
0 82912
0 91104
0 99296
0 107488
0 115680
0 123872
1 131584
1 139776
1 147968
1 156160
1 164352
1 172544
1 180736
1 188928
1 131616
1 139808
1 148000
1 156192
1 164384
1 172576
1 180768
1 188960
1 131648
1 139840
1 148032
1 156224
1 164416
1 172608
1 180800
1 188992
1 131680
1 139872
1 148064
1 156256
1 164448
1 172640
1 180832
1 189024
1 131712
1 139904
1 148096
1 156288
1 164480
1 172672
1 180864
1 189056
1 131744
1 139936
1 148128
1 156320
1 164512
1 172704
1 180896
1 189088
1 131776
1 139968
1 148160
1 156352
1 164544
1 172736
1 180928
1 189120
1 131808
1 140000
1 148192
1 156384
1 164576
1 172768
1 180960
1 189152
1 131840
1 140032
1 148224
1 156416
1 164608
1 172800
1 180992
1 189184
1 131872
1 140064
1 148256
1 156448
1 164640
1 172832
1 181024
1 189216
1 131904
1 140096
1 148288
1 156480
1 164672
1 172864
1 181056
1 189248
1 131936
1 140128
1 148320
1 156512
1 164704
1 172896
1 181088
1 189280
1 131968
1 140160
1 148352
1 156544
1 164736
1 172928
1 181120
1 189312
1 132000
1 140192
1 148384
1 156576
1 164768
1 172960
1 181152
1 189344
1 132032
1 140224
1 148416
1 156608
1 164800
1 172992
1 181184
1 189376
1 132064
1 140256
1 148448
1 156640
1 164832
1 173024
1 181216
1 189408
0 4294705152
0 4294705184
0 4294705216
0 4294705248
0 4294705280
0 4294705312
0 4294705344
0 4294705376
0 4294705408
0 4294705440
0 4294705472
0 4294705504
0 4294705536
0 4294705568
0 4294705600
0 4294705632
0 131072
0 131104
0 131136
0 131168
0 131200
0 131232
0 131264
0 131296
0 131328
0 131360
0 131392
0 131424
0 131456
0 131488
0 131520
0 131552
0 131584
0 131616
0 131648
0 131680
0 131712
0 131744
0 131776
0 131808
0 131840
0 131872
0 131904
0 131936
0 131968
0 132000
0 132032
0 132064
0 132096
0 132128
0 132160
0 132192
0 132224
0 132256
0 132288
0 132320
0 132352
0 132384
0 132416
0 132448
0 132480
0 132512
0 132544
0 132576
0 132608
0 132640
0 132672
0 132704
0 132736
0 132768
0 132800
0 132832
0 132864
0 132896
0 132928
0 132960
0 132992
0 133024
0 133056
0 133088
0 133120
0 133152
0 133184
0 133216
0 133248
0 133280
0 133312
0 133344
0 133376
0 133408
0 133440
0 133472
0 133504
0 133536
0 133568
0 133600
0 133632
0 133664
0 133696
0 133728
0 133760
0 133792
0 133824
0 133856
0 133888
0 133920
0 133952
0 133984
0 134016
0 134048
0 134080
0 134112
0 134144
0 134176
0 134208
0 134240
0 134272
0 134304
0 134336
0 134368
0 134400
0 134432
0 134464
0 134496
0 134528
0 134560
0 134592
0 134624
0 134656
0 134688
0 134720
0 134752
0 134784
0 134816
0 134848
0 134880
0 134912
0 134944
0 134976
0 135008
0 135040
0 135072
0 135104
0 135136
0 135168
0 135200
0 135232
0 135264
0 135296
0 135328
0 135360
0 135392
0 135424
0 135456
0 135488
0 135520
0 135552
0 135584
0 135616
0 135648
0 135680
0 135712
0 135744
0 135776
0 135808
0 135840
0 135872
0 135904
0 135936
0 135968
0 136000
0 136032
0 136064
0 136096
0 136128
0 136160
0 136192
0 136224
0 136256
0 136288
0 136320
0 136352
0 136384
0 136416
0 136448
0 136480
0 136512
0 136544
0 136576
0 136608
0 136640
0 136672
0 136704
0 136736
0 136768
0 136800
0 136832
0 136864
0 136896
0 136928
0 136960
0 136992
0 137024
0 137056
0 137088
0 137120
0 137152
0 137184
0 137216
0 137248
0 137280
0 137312
0 137344
0 137376
0 137408
0 137440
0 137472
0 137504
0 137536
0 137568
0 137600
0 137632
0 137664
0 137696
0 137728
0 137760
0 137792
0 137824
0 137856
0 137888
0 137920
0 137952
0 137984
0 138016
0 138048
0 138080
0 138112
0 138144
0 138176
0 138208
0 138240
0 138272
0 138304
0 138336
0 138368
0 138400
0 138432
0 138464
0 138496
0 138528
0 138560
0 138592
0 138624
0 138656
0 138688
0 138720
0 138752
0 138784
0 138816
0 138848
0 138880
0 138912
0 138944
0 138976
0 139008
0 139040
0 139072
0 139104
0 139136
0 139168
0 139200
0 139232
