0 4294443008
0 4294443040
0 4294443072
0 4294443104
0 4294443136
0 4294443168
0 4294443200
0 4294443232
0 4294443264
0 4294443296
0 4294443328
0 4294443360
0 4294443392
0 4294443424
0 4294443456
0 4294443488
1 4293918720
1 4293926912
1 4293935104
1 4293943296
1 4293918752
1 4293926944
1 4293935136
1 4293943328
1 4293918784
1 4293926976
1 4293935168
1 4293943360
1 4293918816
1 4293927008
1 4293935200
1 4293943392
1 4293918848
1 4293927040
1 4293935232
1 4293943424
1 4293918880
1 4293927072
1 4293935264
1 4293943456
1 4293918912
1 4293927104
1 4293935296
1 4293943488
1 4293918944
1 4293927136
1 4293935328
1 4293943520
1 4293918976
1 4293927168
1 4293935360
1 4293943552
1 4293919008
1 4293927200
1 4293935392
1 4293943584
1 4293919040
1 4293927232
1 4293935424
1 4293943616
1 4293919072
1 4293927264
1 4293935456
1 4293943648
1 4293919104
1 4293927296
1 4293935488
1 4293943680
1 4293919136
1 4293927328
1 4293935520
1 4293943712
1 4293919168
1 4293927360
1 4293935552
1 4293943744
1 4293919200
1 4293927392
1 4293935584
1 4293943776
1 4294180864
1 4294180896
1 4294180928
1 4294180960
1 4294180992
1 4294181024
1 4294181056
1 4294181088
1 4294181120
1 4294181152
1 4294181184
1 4294181216
1 4294181248
1 4294181280
1 4294181312
1 4294181344
0 0
0 8192
0 16384
0 24576
0 32768
0 40960
0 49152
0 57344
0 32
0 8224
0 16416
0 24608
0 32800
0 40992
0 49184
0 57376
0 64
0 8256
0 16448
0 24640
0 32832
0 41024
0 49216
0 57408
0 96
0 8288
0 16480
0 24672
0 32864
0 41056
0 49248
0 57440
0 128
0 8320
0 16512
0 24704
0 32896
0 41088
0 49280
0 57472
0 160
0 8352
0 16544
0 24736
0 32928
0 41120
0 49312
0 57504
0 192
0 8384
0 16576
0 24768
0 32960
0 41152
0 49344
0 57536
0 224
0 8416
0 16608
0 24800
0 32992
0 41184
0 49376
0 57568
0 256
0 8448
0 16640
0 24832
0 33024
0 41216
0 49408
0 57600
0 288
0 8480
0 16672
0 24864
0 33056
0 41248
0 49440
0 57632
0 320
0 8512
0 16704
0 24896
0 33088
0 41280
0 49472
0 57664
0 352
0 8544
0 16736
0 24928
0 33120
0 41312
0 49504
0 57696
0 384
0 8576
0 16768
0 24960
0 33152
0 41344
0 49536
0 57728
0 416
0 8608
0 16800
0 24992
0 33184
0 41376
0 49568
0 57760
0 448
0 8640
0 16832
0 25024
0 33216
0 41408
0 49600
0 57792
0 480
0 8672
0 16864
0 25056
0 33248
0 41440
0 49632
0 57824
0 131072
0 139264
0 147456
0 155648
0 163840
0 172032
0 180224
0 188416
0 131104
0 139296
0 147488
0 155680
0 163872
0 172064
0 180256
0 188448
0 131136
0 139328
0 147520
0 155712
0 163904
0 172096
0 180288
0 188480
0 131168
0 139360
0 147552
0 155744
0 163936
0 172128
0 180320
0 188512
0 131200
0 139392
0 147584
0 155776
0 163968
0 172160
0 180352
0 188544
0 131232
0 139424
0 147616
0 155808
0 164000
0 172192
0 180384
0 188576
0 131264
0 139456
0 147648
0 155840
0 164032
0 172224
0 180416
0 188608
0 131296
0 139488
0 147680
0 155872
0 164064
0 172256
0 180448
0 188640
0 131328
0 139520
0 147712
0 155904
0 164096
0 172288
0 180480
0 188672
0 131360
0 139552
0 147744
0 155936
0 164128
0 172320
0 180512
0 188704
0 131392
0 139584
0 147776
0 155968
0 164160
0 172352
0 180544
0 188736
0 131424
0 139616
0 147808
0 156000
0 164192
0 172384
0 180576
0 188768
0 131456
0 139648
0 147840
0 156032
0 164224
0 172416
0 180608
0 188800
0 131488
0 139680
0 147872
0 156064
0 164256
0 172448
0 180640
0 188832
0 131520
0 139712
0 147904
0 156096
0 164288
0 172480
0 180672
0 188864
0 131552
0 139744
0 147936
0 156128
0 164320
0 172512
0 180704
0 188896
1 262144
1 270336
1 278528
1 286720
1 294912
1 303104
1 311296
1 319488
1 262176
1 270368
1 278560
1 286752
1 294944
1 303136
1 311328
1 319520
1 262208
1 270400
1 278592
1 286784
1 294976
1 303168
1 311360
1 319552
1 262240
1 270432
1 278624
1 286816
1 295008
1 303200
1 311392
1 319584
1 262272
1 270464
1 278656
1 286848
1 295040
1 303232
1 311424
1 319616
1 262304
1 270496
1 278688
1 286880
1 295072
1 303264
1 311456
1 319648
1 262336
1 270528
1 278720
1 286912
1 295104
1 303296
1 311488
1 319680
1 262368
1 270560
1 278752
1 286944
1 295136
1 303328
1 311520
1 319712
1 262400
1 270592
1 278784
1 286976
1 295168
1 303360
1 311552
1 319744
1 262432
1 270624
1 278816
1 287008
1 295200
1 303392
1 311584
1 319776
1 262464
1 270656
1 278848
1 287040
1 295232
1 303424
1 311616
1 319808
1 262496
1 270688
1 278880
1 287072
1 295264
1 303456
1 311648
1 319840
1 262528
1 270720
1 278912
1 287104
1 295296
1 303488
1 311680
1 319872
1 262560
1 270752
1 278944
1 287136
1 295328
1 303520
1 311712
1 319904
1 262592
1 270784
1 278976
1 287168
1 295360
1 303552
1 311744
1 319936
1 262624
1 270816
1 279008
1 287200
1 295392
1 303584
1 311776
1 319968
1 4294180864
1 4294180896
1 4294180928
1 4294180960
1 4294180992
1 4294181024
1 4294181056
1 4294181088
1 4294181120
1 4294181152
1 4294181184
1 4294181216
1 4294181248
1 4294181280
1 4294181312
1 4294181344
0 65536
0 73728
0 81920
0 90112
0 98304
0 106496
0 114688
0 122880
0 65568
0 73760
0 81952
0 90144
0 98336
0 106528
0 114720
0 122912
0 65600
0 73792
0 81984
0 90176
0 98368
0 106560
0 114752
0 122944
0 65632
0 73824
0 82016
0 90208
0 98400
0 106592
0 114784
0 122976
0 65664
0 73856
0 82048
0 90240
0 98432
0 106624
0 114816
0 123008
0 65696
0 73888
0 82080
0 90272
0 98464
0 106656
0 114848
0 123040
0 65728
0 73920
0 82112
0 90304
0 98496
0 106688
0 114880
0 123072
0 65760
0 73952
0 82144
0 90336
0 98528
0 106720
0 114912
0 123104
0 65792
0 73984
0 82176
0 90368
0 98560
0 106752
0 114944
0 123136
0 65824
0 74016
0 82208
0 90400
0 98592
0 106784
0 114976
0 123168
0 65856
0 74048
0 82240
0 90432
0 98624
0 106816
0 115008
0 123200
0 65888
0 74080
0 82272
0 90464
0 98656
0 106848
0 115040
0 123232
0 65920
0 74112
0 82304
0 90496
0 98688
0 106880
0 115072
0 123264
0 65952
0 74144
0 82336
0 90528
0 98720
0 106912
0 115104
0 123296
0 65984
0 74176
0 82368
0 90560
0 98752
0 106944
0 115136
0 123328
0 66016
0 74208
0 82400
0 90592
0 98784
0 106976
0 115168
0 123360
0 196608
0 204800
0 212992
0 221184
0 229376
0 237568
0 245760
0 253952
0 196640
0 204832
0 213024
0 221216
0 229408
0 237600
0 245792
0 253984
0 196672
0 204864
0 213056
0 221248
0 229440
0 237632
0 245824
0 254016
0 196704
0 204896
0 213088
0 221280
0 229472
0 237664
0 245856
0 254048
0 196736
0 204928
0 213120
0 221312
0 229504
0 237696
0 245888
0 254080
0 196768
0 204960
0 213152
0 221344
0 229536
0 237728
0 245920
0 254112
0 196800
0 204992
0 213184
0 221376
0 229568
0 237760
0 245952
0 254144
0 196832
0 205024
0 213216
0 221408
0 229600
0 237792
0 245984
0 254176
0 196864
0 205056
0 213248
0 221440
0 229632
0 237824
0 246016
0 254208
0 196896
0 205088
0 213280
0 221472
0 229664
0 237856
0 246048
0 254240
0 196928
0 205120
0 213312
0 221504
0 229696
0 237888
0 246080
0 254272
0 196960
0 205152
0 213344
0 221536
0 229728
0 237920
0 246112
0 254304
0 196992
0 205184
0 213376
0 221568
0 229760
0 237952
0 246144
0 254336
0 197024
0 205216
0 213408
0 221600
0 229792
0 237984
0 246176
0 254368
0 197056
0 205248
0 213440
0 221632
0 229824
0 238016
0 246208
0 254400
0 197088
0 205280
0 213472
0 221664
0 229856
0 238048
0 246240
0 254432
1 327680
1 335872
1 344064
1 352256
1 360448
1 368640
1 376832
1 385024
1 327712
1 335904
1 344096
1 352288
1 360480
1 368672
1 376864
1 385056
1 327744
1 335936
1 344128
1 352320
1 360512
1 368704
1 376896
1 385088
1 327776
1 335968
1 344160
1 352352
1 360544
1 368736
1 376928
1 385120
1 327808
1 336000
1 344192
1 352384
1 360576
1 368768
1 376960
1 385152
1 327840
1 336032
1 344224
1 352416
1 360608
1 368800
1 376992
1 385184
1 327872
1 336064
1 344256
1 352448
1 360640
1 368832
1 377024
1 385216
1 327904
1 336096
1 344288
1 352480
1 360672
1 368864
1 377056
1 385248
1 327936
1 336128
1 344320
1 352512
1 360704
1 368896
1 377088
1 385280
1 327968
1 336160
1 344352
1 352544
1 360736
1 368928
1 377120
1 385312
1 328000
1 336192
1 344384
1 352576
1 360768
1 368960
1 377152
1 385344
1 328032
1 336224
1 344416
1 352608
1 360800
1 368992
1 377184
1 385376
1 328064
1 336256
1 344448
1 352640
1 360832
1 369024
1 377216
1 385408
1 328096
1 336288
1 344480
1 352672
1 360864
1 369056
1 377248
1 385440
1 328128
1 336320
1 344512
1 352704
1 360896
1 369088
1 377280
1 385472
1 328160
1 336352
1 344544
1 352736
1 360928
1 369120
1 377312
1 385504
1 4294180864
1 4294180896
1 4294180928
1 4294180960
1 4294180992
1 4294181024
1 4294181056
1 4294181088
1 4294181120
1 4294181152
1 4294181184
1 4294181216
1 4294181248
1 4294181280
1 4294181312
1 4294181344
0 512
0 8704
0 16896
0 25088
0 33280
0 41472
0 49664
0 57856
0 544
0 8736
0 16928
0 25120
0 33312
0 41504
0 49696
0 57888
0 576
0 8768
0 16960
0 25152
0 33344
0 41536
0 49728
0 57920
0 608
0 8800
0 16992
0 25184
0 33376
0 41568
0 49760
0 57952
0 640
0 8832
0 17024
0 25216
0 33408
0 41600
0 49792
0 57984
0 672
0 8864
0 17056
0 25248
0 33440
0 41632
0 49824
0 58016
0 704
0 8896
0 17088
0 25280
0 33472
0 41664
0 49856
0 58048
0 736
0 8928
0 17120
0 25312
0 33504
0 41696
0 49888
0 58080
0 768
0 8960
0 17152
0 25344
0 33536
0 41728
0 49920
0 58112
0 800
0 8992
0 17184
0 25376
0 33568
0 41760
0 49952
0 58144
0 832
0 9024
0 17216
0 25408
0 33600
0 41792
0 49984
0 58176
0 864
0 9056
0 17248
0 25440
0 33632
0 41824
0 50016
0 58208
0 896
0 9088
0 17280
0 25472
0 33664
0 41856
0 50048
0 58240
0 928
0 9120
0 17312
0 25504
0 33696
0 41888
0 50080
0 58272
0 960
0 9152
0 17344
0 25536
0 33728
0 41920
0 50112
0 58304
0 992
0 9184
0 17376
0 25568
0 33760
0 41952
0 50144
0 58336
0 131584
0 139776
0 147968
0 156160
0 164352
0 172544
0 180736
0 188928
0 131616
0 139808
0 148000
0 156192
0 164384
0 172576
0 180768
0 188960
0 131648
0 139840
0 148032
0 156224
0 164416
0 172608
0 180800
0 188992
0 131680
0 139872
0 148064
0 156256
0 164448
0 172640
0 180832
0 189024
0 131712
0 139904
0 148096
0 156288
0 164480
0 172672
0 180864
0 189056
0 131744
0 139936
0 148128
0 156320
0 164512
0 172704
0 180896
0 189088
0 131776
0 139968
0 148160
0 156352
0 164544
0 172736
0 180928
0 189120
0 131808
0 140000
0 148192
0 156384
0 164576
0 172768
0 180960
0 189152
0 131840
0 140032
0 148224
0 156416
0 164608
0 172800
0 180992
0 189184
0 131872
0 140064
0 148256
0 156448
0 164640
0 172832
0 181024
0 189216
0 131904
0 140096
0 148288
0 156480
0 164672
0 172864
0 181056
0 189248
0 131936
0 140128
0 148320
0 156512
0 164704
0 172896
0 181088
0 189280
0 131968
0 140160
0 148352
0 156544
0 164736
0 172928
0 181120
0 189312
0 132000
0 140192
0 148384
0 156576
0 164768
0 172960
0 181152
0 189344
0 132032
0 140224
0 148416
0 156608
0 164800
0 172992
0 181184
0 189376
0 132064
0 140256
0 148448
0 156640
0 164832
0 173024
0 181216
0 189408
1 262656
1 270848
1 279040
1 287232
1 295424
1 303616
1 311808
1 320000
1 262688
1 270880
1 279072
1 287264
1 295456
1 303648
1 311840
1 320032
1 262720
1 270912
1 279104
1 287296
1 295488
1 303680
1 311872
1 320064
1 262752
1 270944
1 279136
1 287328
1 295520
1 303712
1 311904
1 320096
1 262784
1 270976
1 279168
1 287360
1 295552
1 303744
1 311936
1 320128
1 262816
1 271008
1 279200
1 287392
1 295584
1 303776
1 311968
1 320160
1 262848
1 271040
1 279232
1 287424
1 295616
1 303808
1 312000
1 320192
1 262880
1 271072
1 279264
1 287456
1 295648
1 303840
1 312032
1 320224
1 262912
1 271104
1 279296
1 287488
1 295680
1 303872
1 312064
1 320256
1 262944
1 271136
1 279328
1 287520
1 295712
1 303904
1 312096
1 320288
1 262976
1 271168
1 279360
1 287552
1 295744
1 303936
1 312128
1 320320
1 263008
1 271200
1 279392
1 287584
1 295776
1 303968
1 312160
1 320352
1 263040
1 271232
1 279424
1 287616
1 295808
1 304000
1 312192
1 320384
1 263072
1 271264
1 279456
1 287648
1 295840
1 304032
1 312224
1 320416
1 263104
1 271296
1 279488
1 287680
1 295872
1 304064
1 312256
1 320448
1 263136
1 271328
1 279520
1 287712
1 295904
1 304096
1 312288
1 320480
1 4294180864
1 4294180896
1 4294180928
1 4294180960
1 4294180992
1 4294181024
1 4294181056
1 4294181088
1 4294181120
1 4294181152
1 4294181184
1 4294181216
1 4294181248
1 4294181280
1 4294181312
1 4294181344
0 66048
0 74240
0 82432
0 90624
0 98816
0 107008
0 115200
0 123392
0 66080
0 74272
0 82464
0 90656
0 98848
0 107040
0 115232
0 123424
0 66112
0 74304
0 82496
0 90688
0 98880
0 107072
0 115264
0 123456
0 66144
0 74336
0 82528
0 90720
0 98912
0 107104
0 115296
0 123488
0 66176
0 74368
0 82560
0 90752
0 98944
0 107136
0 115328
0 123520
0 66208
0 74400
0 82592
0 90784
0 98976
0 107168
0 115360
0 123552
0 66240
0 74432
0 82624
0 90816
0 99008
0 107200
0 115392
0 123584
0 66272
0 74464
0 82656
0 90848
0 99040
0 107232
0 115424
0 123616
0 66304
0 74496
0 82688
0 90880
0 99072
0 107264
0 115456
0 123648
0 66336
0 74528
0 82720
0 90912
0 99104
0 107296
0 115488
0 123680
0 66368
0 74560
0 82752
0 90944
0 99136
0 107328
0 115520
0 123712
0 66400
0 74592
0 82784
0 90976
0 99168
0 107360
0 115552
0 123744
0 66432
0 74624
0 82816
0 91008
0 99200
0 107392
0 115584
0 123776
0 66464
0 74656
0 82848
0 91040
0 99232
0 107424
0 115616
0 123808
0 66496
0 74688
0 82880
0 91072
0 99264
0 107456
0 115648
0 123840
0 66528
0 74720
0 82912
0 91104
0 99296
0 107488
0 115680
0 123872
0 197120
0 205312
0 213504
0 221696
0 229888
0 238080
0 246272
0 254464
0 197152
0 205344
0 213536
0 221728
0 229920
0 238112
0 246304
0 254496
0 197184
0 205376
0 213568
0 221760
0 229952
0 238144
0 246336
0 254528
0 197216
0 205408
0 213600
0 221792
0 229984
0 238176
0 246368
0 254560
0 197248
0 205440
0 213632
0 221824
0 230016
0 238208
0 246400
0 254592
0 197280
0 205472
0 213664
0 221856
0 230048
0 238240
0 246432
0 254624
0 197312
0 205504
0 213696
0 221888
0 230080
0 238272
0 246464
0 254656
0 197344
0 205536
0 213728
0 221920
0 230112
0 238304
0 246496
0 254688
0 197376
0 205568
0 213760
0 221952
0 230144
0 238336
0 246528
0 254720
0 197408
0 205600
0 213792
0 221984
0 230176
0 238368
0 246560
0 254752
0 197440
0 205632
0 213824
0 222016
0 230208
0 238400
0 246592
0 254784
0 197472
0 205664
0 213856
0 222048
0 230240
0 238432
0 246624
0 254816
0 197504
0 205696
0 213888
0 222080
0 230272
0 238464
0 246656
0 254848
0 197536
0 205728
0 213920
0 222112
0 230304
0 238496
0 246688
0 254880
0 197568
0 205760
0 213952
0 222144
0 230336
0 238528
0 246720
0 254912
0 197600
0 205792
0 213984
0 222176
0 230368
0 238560
0 246752
0 254944
1 328192
1 336384
1 344576
1 352768
1 360960
1 369152
1 377344
1 385536
1 328224
1 336416
1 344608
1 352800
1 360992
1 369184
1 377376
1 385568
1 328256
1 336448
1 344640
1 352832
1 361024
1 369216
1 377408
1 385600
1 328288
1 336480
1 344672
1 352864
1 361056
1 369248
1 377440
1 385632
1 328320
1 336512
1 344704
1 352896
1 361088
1 369280
1 377472
1 385664
1 328352
1 336544
1 344736
1 352928
1 361120
1 369312
1 377504
1 385696
1 328384
1 336576
1 344768
1 352960
1 361152
1 369344
1 377536
1 385728
1 328416
1 336608
1 344800
1 352992
1 361184
1 369376
1 377568
1 385760
1 328448
1 336640
1 344832
1 353024
1 361216
1 369408
1 377600
1 385792
1 328480
1 336672
1 344864
1 353056
1 361248
1 369440
1 377632
1 385824
1 328512
1 336704
1 344896
1 353088
1 361280
1 369472
1 377664
1 385856
1 328544
1 336736
1 344928
1 353120
1 361312
1 369504
1 377696
1 385888
1 328576
1 336768
1 344960
1 353152
1 361344
1 369536
1 377728
1 385920
1 328608
1 336800
1 344992
1 353184
1 361376
1 369568
1 377760
1 385952
1 328640
1 336832
1 345024
1 353216
1 361408
1 369600
1 377792
1 385984
1 328672
1 336864
1 345056
1 353248
1 361440
1 369632
1 377824
1 386016
0 4294705152
0 4294705184
0 4294705216
0 4294705248
0 4294705280
0 4294705312
0 4294705344
0 4294705376
0 4294705408
0 4294705440
0 4294705472
0 4294705504
0 4294705536
0 4294705568
0 4294705600
0 4294705632
0 262144
0 262176
0 262208
0 262240
0 262272
0 262304
0 262336
0 262368
0 262400
0 262432
0 262464
0 262496
0 262528
0 262560
0 262592
0 262624
0 262656
0 262688
0 262720
0 262752
0 262784
0 262816
0 262848
0 262880
0 262912
0 262944
0 262976
0 263008
0 263040
0 263072
0 263104
0 263136
0 263168
0 263200
0 263232
0 263264
0 263296
0 263328
0 263360
0 263392
0 263424
0 263456
0 263488
0 263520
0 263552
0 263584
0 263616
0 263648
0 263680
0 263712
0 263744
0 263776
0 263808
0 263840
0 263872
0 263904
0 263936
0 263968
0 264000
0 264032
0 264064
0 264096
0 264128
0 264160
0 264192
0 264224
0 264256
0 264288
0 264320
0 264352
0 264384
0 264416
0 264448
0 264480
0 264512
0 264544
0 264576
0 264608
0 264640
0 264672
0 264704
0 264736
0 264768
0 264800
0 264832
0 264864
0 264896
0 264928
0 264960
0 264992
0 265024
0 265056
0 265088
0 265120
0 265152
0 265184
0 265216
0 265248
0 265280
0 265312
0 265344
0 265376
0 265408
0 265440
0 265472
0 265504
0 265536
0 265568
0 265600
0 265632
0 265664
0 265696
0 265728
0 265760
0 265792
0 265824
0 265856
0 265888
0 265920
0 265952
0 265984
0 266016
0 266048
0 266080
0 266112
0 266144
0 266176
0 266208
0 266240
0 266272
0 266304
0 266336
0 266368
0 266400
0 266432
0 266464
0 266496
0 266528
0 266560
0 266592
0 266624
0 266656
0 266688
0 266720
0 266752
0 266784
0 266816
0 266848
0 266880
0 266912
0 266944
0 266976
0 267008
0 267040
0 267072
0 267104
0 267136
0 267168
0 267200
0 267232
0 267264
0 267296
0 267328
0 267360
0 267392
0 267424
0 267456
0 267488
0 267520
0 267552
0 267584
0 267616
0 267648
0 267680
0 267712
0 267744
0 267776
0 267808
0 267840
0 267872
0 267904
0 267936
0 267968
0 268000
0 268032
0 268064
0 268096
0 268128
0 268160
0 268192
0 268224
0 268256
0 268288
0 268320
0 268352
0 268384
0 268416
0 268448
0 268480
0 268512
0 268544
0 268576
0 268608
0 268640
0 268672
0 268704
0 268736
0 268768
0 268800
0 268832
0 268864
0 268896
0 268928
0 268960
0 268992
0 269024
0 269056
0 269088
0 269120
0 269152
0 269184
0 269216
0 269248
0 269280
0 269312
0 269344
0 269376
0 269408
0 269440
0 269472
0 269504
0 269536
0 269568
0 269600
0 269632
0 269664
0 269696
0 269728
0 269760
0 269792
0 269824
0 269856
0 269888
0 269920
0 269952
0 269984
0 270016
0 270048
0 270080
0 270112
0 270144
0 270176
0 270208
0 270240
0 270272
0 270304
0 270336
0 270368
0 270400
0 270432
0 270464
0 270496
0 270528
0 270560
0 270592
0 270624
0 270656
0 270688
0 270720
0 270752
0 270784
0 270816
0 270848
0 270880
0 270912
0 270944
0 270976
0 271008
0 271040
0 271072
0 271104
0 271136
0 271168
0 271200
0 271232
0 271264
0 271296
0 271328
0 271360
0 271392
0 271424
0 271456
0 271488
0 271520
0 271552
0 271584
0 271616
0 271648
0 271680
0 271712
0 271744
0 271776
0 271808
0 271840
0 271872
0 271904
0 271936
0 271968
0 272000
0 272032
0 272064
0 272096
0 272128
0 272160
0 272192
0 272224
0 272256
0 272288
0 272320
0 272352
0 272384
0 272416
0 272448
0 272480
0 272512
0 272544
0 272576
0 272608
0 272640
0 272672
0 272704
0 272736
0 272768
0 272800
0 272832
0 272864
0 272896
0 272928
0 272960
0 272992
0 273024
0 273056
0 273088
0 273120
0 273152
0 273184
0 273216
0 273248
0 273280
0 273312
0 273344
0 273376
0 273408
0 273440
0 273472
0 273504
0 273536
0 273568
0 273600
0 273632
0 273664
0 273696
0 273728
0 273760
0 273792
0 273824
0 273856
0 273888
0 273920
0 273952
0 273984
0 274016
0 274048
0 274080
0 274112
0 274144
0 274176
0 274208
0 274240
0 274272
0 274304
0 274336
0 274368
0 274400
0 274432
0 274464
0 274496
0 274528
0 274560
0 274592
0 274624
0 274656
0 274688
0 274720
0 274752
0 274784
0 274816
0 274848
0 274880
0 274912
0 274944
0 274976
0 275008
0 275040
0 275072
0 275104
0 275136
0 275168
0 275200
0 275232
0 275264
0 275296
0 275328
0 275360
0 275392
0 275424
0 275456
0 275488
0 275520
0 275552
0 275584
0 275616
0 275648
0 275680
0 275712
0 275744
0 275776
0 275808
0 275840
0 275872
0 275904
0 275936
0 275968
0 276000
0 276032
0 276064
0 276096
0 276128
0 276160
0 276192
0 276224
0 276256
0 276288
0 276320
0 276352
0 276384
0 276416
0 276448
0 276480
0 276512
0 276544
0 276576
0 276608
0 276640
0 276672
0 276704
0 276736
0 276768
0 276800
0 276832
0 276864
0 276896
0 276928
0 276960
0 276992
0 277024
0 277056
0 277088
0 277120
0 277152
0 277184
0 277216
0 277248
0 277280
0 277312
0 277344
0 277376
0 277408
0 277440
0 277472
0 277504
0 277536
0 277568
0 277600
0 277632
0 277664
0 277696
0 277728
0 277760
0 277792
0 277824
0 277856
0 277888
0 277920
0 277952
0 277984
0 278016
0 278048
0 278080
0 278112
0 278144
0 278176
0 278208
0 278240
0 278272
0 278304
0 278336
0 278368
0 278400
0 278432
0 278464
0 278496
0 278528
0 278560
0 278592
0 278624
0 278656
0 278688
0 278720
0 278752
0 278784
0 278816
0 278848
0 278880
0 278912
0 278944
0 278976
0 279008
0 279040
0 279072
0 279104
0 279136
0 279168
0 279200
0 279232
0 279264
0 279296
0 279328
0 279360
0 279392
0 279424
0 279456
0 279488
0 279520
0 279552
0 279584
0 279616
0 279648
0 279680
0 279712
0 279744
0 279776
0 279808
0 279840
0 279872
0 279904
0 279936
0 279968
0 280000
0 280032
0 280064
0 280096
0 280128
0 280160
0 280192
0 280224
0 280256
0 280288
0 280320
0 280352
0 280384
0 280416
0 280448
0 280480
0 280512
0 280544
0 280576
0 280608
0 280640
0 280672
0 280704
0 280736
0 280768
0 280800
0 280832
0 280864
0 280896
0 280928
0 280960
0 280992
0 281024
0 281056
0 281088
0 281120
0 281152
0 281184
0 281216
0 281248
0 281280
0 281312
0 281344
0 281376
0 281408
0 281440
0 281472
0 281504
0 281536
0 281568
0 281600
0 281632
0 281664
0 281696
0 281728
0 281760
0 281792
0 281824
0 281856
0 281888
0 281920
0 281952
0 281984
0 282016
0 282048
0 282080
0 282112
0 282144
0 282176
0 282208
0 282240
0 282272
0 282304
0 282336
0 282368
0 282400
0 282432
0 282464
0 282496
0 282528
0 282560
0 282592
0 282624
0 282656
0 282688
0 282720
0 282752
0 282784
0 282816
0 282848
0 282880
0 282912
0 282944
0 282976
0 283008
0 283040
0 283072
0 283104
0 283136
0 283168
0 283200
0 283232
0 283264
0 283296
0 283328
0 283360
0 283392
0 283424
0 283456
0 283488
0 283520
0 283552
0 283584
0 283616
0 283648
0 283680
0 283712
0 283744
0 283776
0 283808
0 283840
0 283872
0 283904
0 283936
0 283968
0 284000
0 284032
0 284064
0 284096
0 284128
0 284160
0 284192
0 284224
0 284256
0 284288
0 284320
0 284352
0 284384
0 284416
0 284448
0 284480
0 284512
0 284544
0 284576
0 284608
0 284640
0 284672
0 284704
0 284736
0 284768
0 284800
0 284832
0 284864
0 284896
0 284928
0 284960
0 284992
0 285024
0 285056
0 285088
0 285120
0 285152
0 285184
0 285216
0 285248
0 285280
0 285312
0 285344
0 285376
0 285408
0 285440
0 285472
0 285504
0 285536
0 285568
0 285600
0 285632
0 285664
0 285696
0 285728
0 285760
0 285792
0 285824
0 285856
0 285888
0 285920
0 285952
0 285984
0 286016
0 286048
0 286080
0 286112
0 286144
0 286176
0 286208
0 286240
0 286272
0 286304
0 286336
0 286368
0 286400
0 286432
0 286464
0 286496
0 286528
0 286560
0 286592
0 286624
0 286656
0 286688
0 286720
0 286752
0 286784
0 286816
0 286848
0 286880
0 286912
0 286944
0 286976
0 287008
0 287040
0 287072
0 287104
0 287136
0 287168
0 287200
0 287232
0 287264
0 287296
0 287328
0 287360
0 287392
0 287424
0 287456
0 287488
0 287520
0 287552
0 287584
0 287616
0 287648
0 287680
0 287712
0 287744
0 287776
0 287808
0 287840
0 287872
0 287904
0 287936
0 287968
0 288000
0 288032
0 288064
0 288096
0 288128
0 288160
0 288192
0 288224
0 288256
0 288288
0 288320
0 288352
0 288384
0 288416
0 288448
0 288480
0 288512
0 288544
0 288576
0 288608
0 288640
0 288672
0 288704
0 288736
0 288768
0 288800
0 288832
0 288864
0 288896
0 288928
0 288960
0 288992
0 289024
0 289056
0 289088
0 289120
0 289152
0 289184
0 289216
0 289248
0 289280
0 289312
0 289344
0 289376
0 289408
0 289440
0 289472
0 289504
0 289536
0 289568
0 289600
0 289632
0 289664
0 289696
0 289728
0 289760
0 289792
0 289824
0 289856
0 289888
0 289920
0 289952
0 289984
0 290016
0 290048
0 290080
0 290112
0 290144
0 290176
0 290208
0 290240
0 290272
0 290304
0 290336
0 290368
0 290400
0 290432
0 290464
0 290496
0 290528
0 290560
0 290592
0 290624
0 290656
0 290688
0 290720
0 290752
0 290784
0 290816
0 290848
0 290880
0 290912
0 290944
0 290976
0 291008
0 291040
0 291072
0 291104
0 291136
0 291168
0 291200
0 291232
0 291264
0 291296
0 291328
0 291360
0 291392
0 291424
0 291456
0 291488
0 291520
0 291552
0 291584
0 291616
0 291648
0 291680
0 291712
0 291744
0 291776
0 291808
0 291840
0 291872
0 291904
0 291936
0 291968
0 292000
0 292032
0 292064
0 292096
0 292128
0 292160
0 292192
0 292224
0 292256
0 292288
0 292320
0 292352
0 292384
0 292416
0 292448
0 292480
0 292512
0 292544
0 292576
0 292608
0 292640
0 292672
0 292704
0 292736
0 292768
0 292800
0 292832
0 292864
0 292896
0 292928
0 292960
0 292992
0 293024
0 293056
0 293088
0 293120
0 293152
0 293184
0 293216
0 293248
0 293280
0 293312
0 293344
0 293376
0 293408
0 293440
0 293472
0 293504
0 293536
0 293568
0 293600
0 293632
0 293664
0 293696
0 293728
0 293760
0 293792
0 293824
0 293856
0 293888
0 293920
0 293952
0 293984
0 294016
0 294048
0 294080
0 294112
0 294144
0 294176
0 294208
0 294240
0 294272
0 294304
0 294336
0 294368
0 294400
0 294432
0 294464
0 294496
0 294528
0 294560
0 294592
0 294624
0 294656
0 294688
0 294720
0 294752
0 294784
0 294816
0 294848
0 294880
0 294912
0 294944
0 294976
0 295008
0 295040
0 295072
0 295104
0 295136
0 295168
0 295200
0 295232
0 295264
0 295296
0 295328
0 295360
0 295392
0 295424
0 295456
0 295488
0 295520
0 295552
0 295584
0 295616
0 295648
0 295680
0 295712
0 295744
0 295776
0 295808
0 295840
0 295872
0 295904
0 295936
0 295968
0 296000
0 296032
0 296064
0 296096
0 296128
0 296160
0 296192
0 296224
0 296256
0 296288
0 296320
0 296352
0 296384
0 296416
0 296448
0 296480
0 296512
0 296544
0 296576
0 296608
0 296640
0 296672
0 296704
0 296736
0 296768
0 296800
0 296832
0 296864
0 296896
0 296928
0 296960
0 296992
0 297024
0 297056
0 297088
0 297120
0 297152
0 297184
0 297216
0 297248
0 297280
0 297312
0 297344
0 297376
0 297408
0 297440
0 297472
0 297504
0 297536
0 297568
0 297600
0 297632
0 297664
0 297696
0 297728
0 297760
0 297792
0 297824
0 297856
0 297888
0 297920
0 297952
0 297984
0 298016
0 298048
0 298080
0 298112
0 298144
0 298176
0 298208
0 298240
0 298272
0 298304
0 298336
0 298368
0 298400
0 298432
0 298464
0 298496
0 298528
0 298560
0 298592
0 298624
0 298656
0 298688
0 298720
0 298752
0 298784
0 298816
0 298848
0 298880
0 298912
0 298944
0 298976
0 299008
0 299040
0 299072
0 299104
0 299136
0 299168
0 299200
0 299232
0 299264
0 299296
0 299328
0 299360
0 299392
0 299424
0 299456
0 299488
0 299520
0 299552
0 299584
0 299616
0 299648
0 299680
0 299712
0 299744
0 299776
0 299808
0 299840
0 299872
0 299904
0 299936
0 299968
0 300000
0 300032
0 300064
0 300096
0 300128
0 300160
0 300192
0 300224
0 300256
0 300288
0 300320
0 300352
0 300384
0 300416
0 300448
0 300480
0 300512
0 300544
0 300576
0 300608
0 300640
0 300672
0 300704
0 300736
0 300768
0 300800
0 300832
0 300864
0 300896
0 300928
0 300960
0 300992
0 301024
0 301056
0 301088
0 301120
0 301152
0 301184
0 301216
0 301248
0 301280
0 301312
0 301344
0 301376
0 301408
0 301440
0 301472
0 301504
0 301536
0 301568
0 301600
0 301632
0 301664
0 301696
0 301728
0 301760
0 301792
0 301824
0 301856
0 301888
0 301920
0 301952
0 301984
0 302016
0 302048
0 302080
0 302112
0 302144
0 302176
0 302208
0 302240
0 302272
0 302304
0 302336
0 302368
0 302400
0 302432
0 302464
0 302496
0 302528
0 302560
0 302592
0 302624
0 302656
0 302688
0 302720
0 302752
0 302784
0 302816
0 302848
0 302880
0 302912
0 302944
0 302976
0 303008
0 303040
0 303072
0 303104
0 303136
0 303168
0 303200
0 303232
0 303264
0 303296
0 303328
0 303360
0 303392
0 303424
0 303456
0 303488
0 303520
0 303552
0 303584
0 303616
0 303648
0 303680
0 303712
0 303744
0 303776
0 303808
0 303840
0 303872
0 303904
0 303936
0 303968
0 304000
0 304032
0 304064
0 304096
0 304128
0 304160
0 304192
0 304224
0 304256
0 304288
0 304320
0 304352
0 304384
0 304416
0 304448
0 304480
0 304512
0 304544
0 304576
0 304608
0 304640
0 304672
0 304704
0 304736
0 304768
0 304800
0 304832
0 304864
0 304896
0 304928
0 304960
0 304992
0 305024
0 305056
0 305088
0 305120
0 305152
0 305184
0 305216
0 305248
0 305280
0 305312
0 305344
0 305376
0 305408
0 305440
0 305472
0 305504
0 305536
0 305568
0 305600
0 305632
0 305664
0 305696
0 305728
0 305760
0 305792
0 305824
0 305856
0 305888
0 305920
0 305952
0 305984
0 306016
0 306048
0 306080
0 306112
0 306144
0 306176
0 306208
0 306240
0 306272
0 306304
0 306336
0 306368
0 306400
0 306432
0 306464
0 306496
0 306528
0 306560
0 306592
0 306624
0 306656
0 306688
0 306720
0 306752
0 306784
0 306816
0 306848
0 306880
0 306912
0 306944
0 306976
0 307008
0 307040
0 307072
0 307104
0 307136
0 307168
0 307200
0 307232
0 307264
0 307296
0 307328
0 307360
0 307392
0 307424
0 307456
0 307488
0 307520
0 307552
0 307584
0 307616
0 307648
0 307680
0 307712
0 307744
0 307776
0 307808
0 307840
0 307872
0 307904
0 307936
0 307968
0 308000
0 308032
0 308064
0 308096
0 308128
0 308160
0 308192
0 308224
0 308256
0 308288
0 308320
0 308352
0 308384
0 308416
0 308448
0 308480
0 308512
0 308544
0 308576
0 308608
0 308640
0 308672
0 308704
0 308736
0 308768
0 308800
0 308832
0 308864
0 308896
0 308928
0 308960
0 308992
0 309024
0 309056
0 309088
0 309120
0 309152
0 309184
0 309216
0 309248
0 309280
0 309312
0 309344
0 309376
0 309408
0 309440
0 309472
0 309504
0 309536
0 309568
0 309600
0 309632
0 309664
0 309696
0 309728
0 309760
0 309792
0 309824
0 309856
0 309888
0 309920
0 309952
0 309984
0 310016
0 310048
0 310080
0 310112
0 310144
0 310176
0 310208
0 310240
0 310272
0 310304
0 310336
0 310368
0 310400
0 310432
0 310464
0 310496
0 310528
0 310560
0 310592
0 310624
0 310656
0 310688
0 310720
0 310752
0 310784
0 310816
0 310848
0 310880
0 310912
0 310944
0 310976
0 311008
0 311040
0 311072
0 311104
0 311136
0 311168
0 311200
0 311232
0 311264
0 311296
0 311328
0 311360
0 311392
0 311424
0 311456
0 311488
0 311520
0 311552
0 311584
0 311616
0 311648
0 311680
0 311712
0 311744
0 311776
0 311808
0 311840
0 311872
0 311904
0 311936
0 311968
0 312000
0 312032
0 312064
0 312096
0 312128
0 312160
0 312192
0 312224
0 312256
0 312288
0 312320
0 312352
0 312384
0 312416
0 312448
0 312480
0 312512
0 312544
0 312576
0 312608
0 312640
0 312672
0 312704
0 312736
0 312768
0 312800
0 312832
0 312864
0 312896
0 312928
0 312960
0 312992
0 313024
0 313056
0 313088
0 313120
0 313152
0 313184
0 313216
0 313248
0 313280
0 313312
0 313344
0 313376
0 313408
0 313440
0 313472
0 313504
0 313536
0 313568
0 313600
0 313632
0 313664
0 313696
0 313728
0 313760
0 313792
0 313824
0 313856
0 313888
0 313920
0 313952
0 313984
0 314016
0 314048
0 314080
0 314112
0 314144
0 314176
0 314208
0 314240
0 314272
0 314304
0 314336
0 314368
0 314400
0 314432
0 314464
0 314496
0 314528
0 314560
0 314592
0 314624
0 314656
0 314688
0 314720
0 314752
0 314784
0 314816
0 314848
0 314880
0 314912
0 314944
0 314976
0 315008
0 315040
0 315072
0 315104
0 315136
0 315168
0 315200
0 315232
0 315264
0 315296
0 315328
0 315360
0 315392
0 315424
0 315456
0 315488
0 315520
0 315552
0 315584
0 315616
0 315648
0 315680
0 315712
0 315744
0 315776
0 315808
0 315840
0 315872
0 315904
0 315936
0 315968
0 316000
0 316032
0 316064
0 316096
0 316128
0 316160
0 316192
0 316224
0 316256
0 316288
0 316320
0 316352
0 316384
0 316416
0 316448
0 316480
0 316512
0 316544
0 316576
0 316608
0 316640
0 316672
0 316704
0 316736
0 316768
0 316800
0 316832
0 316864
0 316896
0 316928
0 316960
0 316992
0 317024
0 317056
0 317088
0 317120
0 317152
0 317184
0 317216
0 317248
0 317280
0 317312
0 317344
0 317376
0 317408
0 317440
0 317472
0 317504
0 317536
0 317568
0 317600
0 317632
0 317664
0 317696
0 317728
0 317760
0 317792
0 317824
0 317856
0 317888
0 317920
0 317952
0 317984
0 318016
0 318048
0 318080
0 318112
0 318144
0 318176
0 318208
0 318240
0 318272
0 318304
0 318336
0 318368
0 318400
0 318432
0 318464
0 318496
0 318528
0 318560
0 318592
0 318624
0 318656
0 318688
0 318720
0 318752
0 318784
0 318816
0 318848
0 318880
0 318912
0 318944
0 318976
0 319008
0 319040
0 319072
0 319104
0 319136
0 319168
0 319200
0 319232
0 319264
0 319296
0 319328
0 319360
0 319392
0 319424
0 319456
0 319488
0 319520
0 319552
0 319584
0 319616
0 319648
0 319680
0 319712
0 319744
0 319776
0 319808
0 319840
0 319872
0 319904
0 319936
0 319968
0 320000
0 320032
0 320064
0 320096
0 320128
0 320160
0 320192
0 320224
0 320256
0 320288
0 320320
0 320352
0 320384
0 320416
0 320448
0 320480
0 320512
0 320544
0 320576
0 320608
0 320640
0 320672
0 320704
0 320736
0 320768
0 320800
0 320832
0 320864
0 320896
0 320928
0 320960
0 320992
0 321024
0 321056
0 321088
0 321120
0 321152
0 321184
0 321216
0 321248
0 321280
0 321312
0 321344
0 321376
0 321408
0 321440
0 321472
0 321504
0 321536
0 321568
0 321600
0 321632
0 321664
0 321696
0 321728
0 321760
0 321792
0 321824
0 321856
0 321888
0 321920
0 321952
0 321984
0 322016
0 322048
0 322080
0 322112
0 322144
0 322176
0 322208
0 322240
0 322272
0 322304
0 322336
0 322368
0 322400
0 322432
0 322464
0 322496
0 322528
0 322560
0 322592
0 322624
0 322656
0 322688
0 322720
0 322752
0 322784
0 322816
0 322848
0 322880
0 322912
0 322944
0 322976
0 323008
0 323040
0 323072
0 323104
0 323136
0 323168
0 323200
0 323232
0 323264
0 323296
0 323328
0 323360
0 323392
0 323424
0 323456
0 323488
0 323520
0 323552
0 323584
0 323616
0 323648
0 323680
0 323712
0 323744
0 323776
0 323808
0 323840
0 323872
0 323904
0 323936
0 323968
0 324000
0 324032
0 324064
0 324096
0 324128
0 324160
0 324192
0 324224
0 324256
0 324288
0 324320
0 324352
0 324384
0 324416
0 324448
0 324480
0 324512
0 324544
0 324576
0 324608
0 324640
0 324672
0 324704
0 324736
0 324768
0 324800
0 324832
0 324864
0 324896
0 324928
0 324960
0 324992
0 325024
0 325056
0 325088
0 325120
0 325152
0 325184
0 325216
0 325248
0 325280
0 325312
0 325344
0 325376
0 325408
0 325440
0 325472
0 325504
0 325536
0 325568
0 325600
0 325632
0 325664
0 325696
0 325728
0 325760
0 325792
0 325824
0 325856
0 325888
0 325920
0 325952
0 325984
0 326016
0 326048
0 326080
0 326112
0 326144
0 326176
0 326208
0 326240
0 326272
0 326304
0 326336
0 326368
0 326400
0 326432
0 326464
0 326496
0 326528
0 326560
0 326592
0 326624
0 326656
0 326688
0 326720
0 326752
0 326784
0 326816
0 326848
0 326880
0 326912
0 326944
0 326976
0 327008
0 327040
0 327072
0 327104
0 327136
0 327168
0 327200
0 327232
0 327264
0 327296
0 327328
0 327360
0 327392
0 327424
0 327456
0 327488
0 327520
0 327552
0 327584
0 327616
0 327648
0 327680
0 327712
0 327744
0 327776
0 327808
0 327840
0 327872
0 327904
0 327936
0 327968
0 328000
0 328032
0 328064
0 328096
0 328128
0 328160
0 328192
0 328224
0 328256
0 328288
0 328320
0 328352
0 328384
0 328416
0 328448
0 328480
0 328512
0 328544
0 328576
0 328608
0 328640
0 328672
0 328704
0 328736
0 328768
0 328800
0 328832
0 328864
0 328896
0 328928
0 328960
0 328992
0 329024
0 329056
0 329088
0 329120
0 329152
0 329184
0 329216
0 329248
0 329280
0 329312
0 329344
0 329376
0 329408
0 329440
0 329472
0 329504
0 329536
0 329568
0 329600
0 329632
0 329664
0 329696
0 329728
0 329760
0 329792
0 329824
0 329856
0 329888
0 329920
0 329952
0 329984
0 330016
0 330048
0 330080
0 330112
0 330144
0 330176
0 330208
0 330240
0 330272
0 330304
0 330336
0 330368
0 330400
0 330432
0 330464
0 330496
0 330528
0 330560
0 330592
0 330624
0 330656
0 330688
0 330720
0 330752
0 330784
0 330816
0 330848
0 330880
0 330912
0 330944
0 330976
0 331008
0 331040
0 331072
0 331104
0 331136
0 331168
0 331200
0 331232
0 331264
0 331296
0 331328
0 331360
0 331392
0 331424
0 331456
0 331488
0 331520
0 331552
0 331584
0 331616
0 331648
0 331680
0 331712
0 331744
0 331776
0 331808
0 331840
0 331872
0 331904
0 331936
0 331968
0 332000
0 332032
0 332064
0 332096
0 332128
0 332160
0 332192
0 332224
0 332256
0 332288
0 332320
0 332352
0 332384
0 332416
0 332448
0 332480
0 332512
0 332544
0 332576
0 332608
0 332640
0 332672
0 332704
0 332736
0 332768
0 332800
0 332832
0 332864
0 332896
0 332928
0 332960
0 332992
0 333024
0 333056
0 333088
0 333120
0 333152
0 333184
0 333216
0 333248
0 333280
0 333312
0 333344
0 333376
0 333408
0 333440
0 333472
0 333504
0 333536
0 333568
0 333600
0 333632
0 333664
0 333696
0 333728
0 333760
0 333792
0 333824
0 333856
0 333888
0 333920
0 333952
0 333984
0 334016
0 334048
0 334080
0 334112
0 334144
0 334176
0 334208
0 334240
0 334272
0 334304
0 334336
0 334368
0 334400
0 334432
0 334464
0 334496
0 334528
0 334560
0 334592
0 334624
0 334656
0 334688
0 334720
0 334752
0 334784
0 334816
0 334848
0 334880
0 334912
0 334944
0 334976
0 335008
0 335040
0 335072
0 335104
0 335136
0 335168
0 335200
0 335232
0 335264
0 335296
0 335328
0 335360
0 335392
0 335424
0 335456
0 335488
0 335520
0 335552
0 335584
0 335616
0 335648
0 335680
0 335712
0 335744
0 335776
0 335808
0 335840
0 335872
0 335904
0 335936
0 335968
0 336000
0 336032
0 336064
0 336096
0 336128
0 336160
0 336192
0 336224
0 336256
0 336288
0 336320
0 336352
0 336384
0 336416
0 336448
0 336480
0 336512
0 336544
0 336576
0 336608
0 336640
0 336672
0 336704
0 336736
0 336768
0 336800
0 336832
0 336864
0 336896
0 336928
0 336960
0 336992
0 337024
0 337056
0 337088
0 337120
0 337152
0 337184
0 337216
0 337248
0 337280
0 337312
0 337344
0 337376
0 337408
0 337440
0 337472
0 337504
0 337536
0 337568
0 337600
0 337632
0 337664
0 337696
0 337728
0 337760
0 337792
0 337824
0 337856
0 337888
0 337920
0 337952
0 337984
0 338016
0 338048
0 338080
0 338112
0 338144
0 338176
0 338208
0 338240
0 338272
0 338304
0 338336
0 338368
0 338400
0 338432
0 338464
0 338496
0 338528
0 338560
0 338592
0 338624
0 338656
0 338688
0 338720
0 338752
0 338784
0 338816
0 338848
0 338880
0 338912
0 338944
0 338976
0 339008
0 339040
0 339072
0 339104
0 339136
0 339168
0 339200
0 339232
0 339264
0 339296
0 339328
0 339360
0 339392
0 339424
0 339456
0 339488
0 339520
0 339552
0 339584
0 339616
0 339648
0 339680
0 339712
0 339744
0 339776
0 339808
0 339840
0 339872
0 339904
0 339936
0 339968
0 340000
0 340032
0 340064
0 340096
0 340128
0 340160
0 340192
0 340224
0 340256
0 340288
0 340320
0 340352
0 340384
0 340416
0 340448
0 340480
0 340512
0 340544
0 340576
0 340608
0 340640
0 340672
0 340704
0 340736
0 340768
0 340800
0 340832
0 340864
0 340896
0 340928
0 340960
0 340992
0 341024
0 341056
0 341088
0 341120
0 341152
0 341184
0 341216
0 341248
0 341280
0 341312
0 341344
0 341376
0 341408
0 341440
0 341472
0 341504
0 341536
0 341568
0 341600
0 341632
0 341664
0 341696
0 341728
0 341760
0 341792
0 341824
0 341856
0 341888
0 341920
0 341952
0 341984
0 342016
0 342048
0 342080
0 342112
0 342144
0 342176
0 342208
0 342240
0 342272
0 342304
0 342336
0 342368
0 342400
0 342432
0 342464
0 342496
0 342528
0 342560
0 342592
0 342624
0 342656
0 342688
0 342720
0 342752
0 342784
0 342816
0 342848
0 342880
0 342912
0 342944
0 342976
0 343008
0 343040
0 343072
0 343104
0 343136
0 343168
0 343200
0 343232
0 343264
0 343296
0 343328
0 343360
0 343392
0 343424
0 343456
0 343488
0 343520
0 343552
0 343584
0 343616
0 343648
0 343680
0 343712
0 343744
0 343776
0 343808
0 343840
0 343872
0 343904
0 343936
0 343968
0 344000
0 344032
0 344064
0 344096
0 344128
0 344160
0 344192
0 344224
0 344256
0 344288
0 344320
0 344352
0 344384
0 344416
0 344448
0 344480
0 344512
0 344544
0 344576
0 344608
0 344640
0 344672
0 344704
0 344736
0 344768
0 344800
0 344832
0 344864
0 344896
0 344928
0 344960
0 344992
0 345024
0 345056
0 345088
0 345120
0 345152
0 345184
0 345216
0 345248
0 345280
0 345312
0 345344
0 345376
0 345408
0 345440
0 345472
0 345504
0 345536
0 345568
0 345600
0 345632
0 345664
0 345696
0 345728
0 345760
0 345792
0 345824
0 345856
0 345888
0 345920
0 345952
0 345984
0 346016
0 346048
0 346080
0 346112
0 346144
0 346176
0 346208
0 346240
0 346272
0 346304
0 346336
0 346368
0 346400
0 346432
0 346464
0 346496
0 346528
0 346560
0 346592
0 346624
0 346656
0 346688
0 346720
0 346752
0 346784
0 346816
0 346848
0 346880
0 346912
0 346944
0 346976
0 347008
0 347040
0 347072
0 347104
0 347136
0 347168
0 347200
0 347232
0 347264
0 347296
0 347328
0 347360
0 347392
0 347424
0 347456
0 347488
0 347520
0 347552
0 347584
0 347616
0 347648
0 347680
0 347712
0 347744
0 347776
0 347808
0 347840
0 347872
0 347904
0 347936
0 347968
0 348000
0 348032
0 348064
0 348096
0 348128
0 348160
0 348192
0 348224
0 348256
0 348288
0 348320
0 348352
0 348384
0 348416
0 348448
0 348480
0 348512
0 348544
0 348576
0 348608
0 348640
0 348672
0 348704
0 348736
0 348768
0 348800
0 348832
0 348864
0 348896
0 348928
0 348960
0 348992
0 349024
0 349056
0 349088
0 349120
0 349152
0 349184
0 349216
0 349248
0 349280
0 349312
0 349344
0 349376
0 349408
0 349440
0 349472
0 349504
0 349536
0 349568
0 349600
0 349632
0 349664
0 349696
0 349728
0 349760
0 349792
0 349824
0 349856
0 349888
0 349920
0 349952
0 349984
0 350016
0 350048
0 350080
0 350112
0 350144
0 350176
0 350208
0 350240
0 350272
0 350304
0 350336
0 350368
0 350400
0 350432
0 350464
0 350496
0 350528
0 350560
0 350592
0 350624
0 350656
0 350688
0 350720
0 350752
0 350784
0 350816
0 350848
0 350880
0 350912
0 350944
0 350976
0 351008
0 351040
0 351072
0 351104
0 351136
0 351168
0 351200
0 351232
0 351264
0 351296
0 351328
0 351360
0 351392
0 351424
0 351456
0 351488
0 351520
0 351552
0 351584
0 351616
0 351648
0 351680
0 351712
0 351744
0 351776
0 351808
0 351840
0 351872
0 351904
0 351936
0 351968
0 352000
0 352032
0 352064
0 352096
0 352128
0 352160
0 352192
0 352224
0 352256
0 352288
0 352320
0 352352
0 352384
0 352416
0 352448
0 352480
0 352512
0 352544
0 352576
0 352608
0 352640
0 352672
0 352704
0 352736
0 352768
0 352800
0 352832
0 352864
0 352896
0 352928
0 352960
0 352992
0 353024
0 353056
0 353088
0 353120
0 353152
0 353184
0 353216
0 353248
0 353280
0 353312
0 353344
0 353376
0 353408
0 353440
0 353472
0 353504
0 353536
0 353568
0 353600
0 353632
0 353664
0 353696
0 353728
0 353760
0 353792
0 353824
0 353856
0 353888
0 353920
0 353952
0 353984
0 354016
0 354048
0 354080
0 354112
0 354144
0 354176
0 354208
0 354240
0 354272
0 354304
0 354336
0 354368
0 354400
0 354432
0 354464
0 354496
0 354528
0 354560
0 354592
0 354624
0 354656
0 354688
0 354720
0 354752
0 354784
0 354816
0 354848
0 354880
0 354912
0 354944
0 354976
0 355008
0 355040
0 355072
0 355104
0 355136
0 355168
0 355200
0 355232
0 355264
0 355296
0 355328
0 355360
0 355392
0 355424
0 355456
0 355488
0 355520
0 355552
0 355584
0 355616
0 355648
0 355680
0 355712
0 355744
0 355776
0 355808
0 355840
0 355872
0 355904
0 355936
0 355968
0 356000
0 356032
0 356064
0 356096
0 356128
0 356160
0 356192
0 356224
0 356256
0 356288
0 356320
0 356352
0 356384
0 356416
0 356448
0 356480
0 356512
0 356544
0 356576
0 356608
0 356640
0 356672
0 356704
0 356736
0 356768
0 356800
0 356832
0 356864
0 356896
0 356928
0 356960
0 356992
0 357024
0 357056
0 357088
0 357120
0 357152
0 357184
0 357216
0 357248
0 357280
0 357312
0 357344
0 357376
0 357408
0 357440
0 357472
0 357504
0 357536
0 357568
0 357600
0 357632
0 357664
0 357696
0 357728
0 357760
0 357792
0 357824
0 357856
0 357888
0 357920
0 357952
0 357984
0 358016
0 358048
0 358080
0 358112
0 358144
0 358176
0 358208
0 358240
0 358272
0 358304
0 358336
0 358368
0 358400
0 358432
0 358464
0 358496
0 358528
0 358560
0 358592
0 358624
0 358656
0 358688
0 358720
0 358752
0 358784
0 358816
0 358848
0 358880
0 358912
0 358944
0 358976
0 359008
0 359040
0 359072
0 359104
0 359136
0 359168
0 359200
0 359232
0 359264
0 359296
0 359328
0 359360
0 359392
0 359424
0 359456
0 359488
0 359520
0 359552
0 359584
0 359616
0 359648
0 359680
0 359712
0 359744
0 359776
0 359808
0 359840
0 359872
0 359904
0 359936
0 359968
0 360000
0 360032
0 360064
0 360096
0 360128
0 360160
0 360192
0 360224
0 360256
0 360288
0 360320
0 360352
0 360384
0 360416
0 360448
0 360480
0 360512
0 360544
0 360576
0 360608
0 360640
0 360672
0 360704
0 360736
0 360768
0 360800
0 360832
0 360864
0 360896
0 360928
0 360960
0 360992
0 361024
0 361056
0 361088
0 361120
0 361152
0 361184
0 361216
0 361248
0 361280
0 361312
0 361344
0 361376
0 361408
0 361440
0 361472
0 361504
0 361536
0 361568
0 361600
0 361632
0 361664
0 361696
0 361728
0 361760
0 361792
0 361824
0 361856
0 361888
0 361920
0 361952
0 361984
0 362016
0 362048
0 362080
0 362112
0 362144
0 362176
0 362208
0 362240
0 362272
0 362304
0 362336
0 362368
0 362400
0 362432
0 362464
0 362496
0 362528
0 362560
0 362592
0 362624
0 362656
0 362688
0 362720
0 362752
0 362784
0 362816
0 362848
0 362880
0 362912
0 362944
0 362976
0 363008
0 363040
0 363072
0 363104
0 363136
0 363168
0 363200
0 363232
0 363264
0 363296
0 363328
0 363360
0 363392
0 363424
0 363456
0 363488
0 363520
0 363552
0 363584
0 363616
0 363648
0 363680
0 363712
0 363744
0 363776
0 363808
0 363840
0 363872
0 363904
0 363936
0 363968
0 364000
0 364032
0 364064
0 364096
0 364128
0 364160
0 364192
0 364224
0 364256
0 364288
0 364320
0 364352
0 364384
0 364416
0 364448
0 364480
0 364512
0 364544
0 364576
0 364608
0 364640
0 364672
0 364704
0 364736
0 364768
0 364800
0 364832
0 364864
0 364896
0 364928
0 364960
0 364992
0 365024
0 365056
0 365088
0 365120
0 365152
0 365184
0 365216
0 365248
0 365280
0 365312
0 365344
0 365376
0 365408
0 365440
0 365472
0 365504
0 365536
0 365568
0 365600
0 365632
0 365664
0 365696
0 365728
0 365760
0 365792
0 365824
0 365856
0 365888
0 365920
0 365952
0 365984
0 366016
0 366048
0 366080
0 366112
0 366144
0 366176
0 366208
0 366240
0 366272
0 366304
0 366336
0 366368
0 366400
0 366432
0 366464
0 366496
0 366528
0 366560
0 366592
0 366624
0 366656
0 366688
0 366720
0 366752
0 366784
0 366816
0 366848
0 366880
0 366912
0 366944
0 366976
0 367008
0 367040
0 367072
0 367104
0 367136
0 367168
0 367200
0 367232
0 367264
0 367296
0 367328
0 367360
0 367392
0 367424
0 367456
0 367488
0 367520
0 367552
0 367584
0 367616
0 367648
0 367680
0 367712
0 367744
0 367776
0 367808
0 367840
0 367872
0 367904
0 367936
0 367968
0 368000
0 368032
0 368064
0 368096
0 368128
0 368160
0 368192
0 368224
0 368256
0 368288
0 368320
0 368352
0 368384
0 368416
0 368448
0 368480
0 368512
0 368544
0 368576
0 368608
0 368640
0 368672
0 368704
0 368736
0 368768
0 368800
0 368832
0 368864
0 368896
0 368928
0 368960
0 368992
0 369024
0 369056
0 369088
0 369120
0 369152
0 369184
0 369216
0 369248
0 369280
0 369312
0 369344
0 369376
0 369408
0 369440
0 369472
0 369504
0 369536
0 369568
0 369600
0 369632
0 369664
0 369696
0 369728
0 369760
0 369792
0 369824
0 369856
0 369888
0 369920
0 369952
0 369984
0 370016
0 370048
0 370080
0 370112
0 370144
0 370176
0 370208
0 370240
0 370272
0 370304
0 370336
0 370368
0 370400
0 370432
0 370464
0 370496
0 370528
0 370560
0 370592
0 370624
0 370656
0 370688
0 370720
0 370752
0 370784
0 370816
0 370848
0 370880
0 370912
0 370944
0 370976
0 371008
0 371040
0 371072
0 371104
0 371136
0 371168
0 371200
0 371232
0 371264
0 371296
0 371328
0 371360
0 371392
0 371424
0 371456
0 371488
0 371520
0 371552
0 371584
0 371616
0 371648
0 371680
0 371712
0 371744
0 371776
0 371808
0 371840
0 371872
0 371904
0 371936
0 371968
0 372000
0 372032
0 372064
0 372096
0 372128
0 372160
0 372192
0 372224
0 372256
0 372288
0 372320
0 372352
0 372384
0 372416
0 372448
0 372480
0 372512
0 372544
0 372576
0 372608
0 372640
0 372672
0 372704
0 372736
0 372768
0 372800
0 372832
0 372864
0 372896
0 372928
0 372960
0 372992
0 373024
0 373056
0 373088
0 373120
0 373152
0 373184
0 373216
0 373248
0 373280
0 373312
0 373344
0 373376
0 373408
0 373440
0 373472
0 373504
0 373536
0 373568
0 373600
0 373632
0 373664
0 373696
0 373728
0 373760
0 373792
0 373824
0 373856
0 373888
0 373920
0 373952
0 373984
0 374016
0 374048
0 374080
0 374112
0 374144
0 374176
0 374208
0 374240
0 374272
0 374304
0 374336
0 374368
0 374400
0 374432
0 374464
0 374496
0 374528
0 374560
0 374592
0 374624
0 374656
0 374688
0 374720
0 374752
0 374784
0 374816
0 374848
0 374880
0 374912
0 374944
0 374976
0 375008
0 375040
0 375072
0 375104
0 375136
0 375168
0 375200
0 375232
0 375264
0 375296
0 375328
0 375360
0 375392
0 375424
0 375456
0 375488
0 375520
0 375552
0 375584
0 375616
0 375648
0 375680
0 375712
0 375744
0 375776
0 375808
0 375840
0 375872
0 375904
0 375936
0 375968
0 376000
0 376032
0 376064
0 376096
0 376128
0 376160
0 376192
0 376224
0 376256
0 376288
0 376320
0 376352
0 376384
0 376416
0 376448
0 376480
0 376512
0 376544
0 376576
0 376608
0 376640
0 376672
0 376704
0 376736
0 376768
0 376800
0 376832
0 376864
0 376896
0 376928
0 376960
0 376992
0 377024
0 377056
0 377088
0 377120
0 377152
0 377184
0 377216
0 377248
0 377280
0 377312
0 377344
0 377376
0 377408
0 377440
0 377472
0 377504
0 377536
0 377568
0 377600
0 377632
0 377664
0 377696
0 377728
0 377760
0 377792
0 377824
0 377856
0 377888
0 377920
0 377952
0 377984
0 378016
0 378048
0 378080
0 378112
0 378144
0 378176
0 378208
0 378240
0 378272
0 378304
0 378336
0 378368
0 378400
0 378432
0 378464
0 378496
0 378528
0 378560
0 378592
0 378624
0 378656
0 378688
0 378720
0 378752
0 378784
0 378816
0 378848
0 378880
0 378912
0 378944
0 378976
0 379008
0 379040
0 379072
0 379104
0 379136
0 379168
0 379200
0 379232
0 379264
0 379296
0 379328
0 379360
0 379392
0 379424
0 379456
0 379488
0 379520
0 379552
0 379584
0 379616
0 379648
0 379680
0 379712
0 379744
0 379776
0 379808
0 379840
0 379872
0 379904
0 379936
0 379968
0 380000
0 380032
0 380064
0 380096
0 380128
0 380160
0 380192
0 380224
0 380256
0 380288
0 380320
0 380352
0 380384
0 380416
0 380448
0 380480
0 380512
0 380544
0 380576
0 380608
0 380640
0 380672
0 380704
0 380736
0 380768
0 380800
0 380832
0 380864
0 380896
0 380928
0 380960
0 380992
0 381024
0 381056
0 381088
0 381120
0 381152
0 381184
0 381216
0 381248
0 381280
0 381312
0 381344
0 381376
0 381408
0 381440
0 381472
0 381504
0 381536
0 381568
0 381600
0 381632
0 381664
0 381696
0 381728
0 381760
0 381792
0 381824
0 381856
0 381888
0 381920
0 381952
0 381984
0 382016
0 382048
0 382080
0 382112
0 382144
0 382176
0 382208
0 382240
0 382272
0 382304
0 382336
0 382368
0 382400
0 382432
0 382464
0 382496
0 382528
0 382560
0 382592
0 382624
0 382656
0 382688
0 382720
0 382752
0 382784
0 382816
0 382848
0 382880
0 382912
0 382944
0 382976
0 383008
0 383040
0 383072
0 383104
0 383136
0 383168
0 383200
0 383232
0 383264
0 383296
0 383328
0 383360
0 383392
0 383424
0 383456
0 383488
0 383520
0 383552
0 383584
0 383616
0 383648
0 383680
0 383712
0 383744
0 383776
0 383808
0 383840
0 383872
0 383904
0 383936
0 383968
0 384000
0 384032
0 384064
0 384096
0 384128
0 384160
0 384192
0 384224
0 384256
0 384288
0 384320
0 384352
0 384384
0 384416
0 384448
0 384480
0 384512
0 384544
0 384576
0 384608
0 384640
0 384672
0 384704
0 384736
0 384768
0 384800
0 384832
0 384864
0 384896
0 384928
0 384960
0 384992
0 385024
0 385056
0 385088
0 385120
0 385152
0 385184
0 385216
0 385248
0 385280
0 385312
0 385344
0 385376
0 385408
0 385440
0 385472
0 385504
0 385536
0 385568
0 385600
0 385632
0 385664
0 385696
0 385728
0 385760
0 385792
0 385824
0 385856
0 385888
0 385920
0 385952
0 385984
0 386016
0 386048
0 386080
0 386112
0 386144
0 386176
0 386208
0 386240
0 386272
0 386304
0 386336
0 386368
0 386400
0 386432
0 386464
0 386496
0 386528
0 386560
0 386592
0 386624
0 386656
0 386688
0 386720
0 386752
0 386784
0 386816
0 386848
0 386880
0 386912
0 386944
0 386976
0 387008
0 387040
0 387072
0 387104
0 387136
0 387168
0 387200
0 387232
0 387264
0 387296
0 387328
0 387360
0 387392
0 387424
0 387456
0 387488
0 387520
0 387552
0 387584
0 387616
0 387648
0 387680
0 387712
0 387744
0 387776
0 387808
0 387840
0 387872
0 387904
0 387936
0 387968
0 388000
0 388032
0 388064
0 388096
0 388128
0 388160
0 388192
0 388224
0 388256
0 388288
0 388320
0 388352
0 388384
0 388416
0 388448
0 388480
0 388512
0 388544
0 388576
0 388608
0 388640
0 388672
0 388704
0 388736
0 388768
0 388800
0 388832
0 388864
0 388896
0 388928
0 388960
0 388992
0 389024
0 389056
0 389088
0 389120
0 389152
0 389184
0 389216
0 389248
0 389280
0 389312
0 389344
0 389376
0 389408
0 389440
0 389472
0 389504
0 389536
0 389568
0 389600
0 389632
0 389664
0 389696
0 389728
0 389760
0 389792
0 389824
0 389856
0 389888
0 389920
0 389952
0 389984
0 390016
0 390048
0 390080
0 390112
0 390144
0 390176
0 390208
0 390240
0 390272
0 390304
0 390336
0 390368
0 390400
0 390432
0 390464
0 390496
0 390528
0 390560
0 390592
0 390624
0 390656
0 390688
0 390720
0 390752
0 390784
0 390816
0 390848
0 390880
0 390912
0 390944
0 390976
0 391008
0 391040
0 391072
0 391104
0 391136
0 391168
0 391200
0 391232
0 391264
0 391296
0 391328
0 391360
0 391392
0 391424
0 391456
0 391488
0 391520
0 391552
0 391584
0 391616
0 391648
0 391680
0 391712
0 391744
0 391776
0 391808
0 391840
0 391872
0 391904
0 391936
0 391968
0 392000
0 392032
0 392064
0 392096
0 392128
0 392160
0 392192
0 392224
0 392256
0 392288
0 392320
0 392352
0 392384
0 392416
0 392448
0 392480
0 392512
0 392544
0 392576
0 392608
0 392640
0 392672
0 392704
0 392736
0 392768
0 392800
0 392832
0 392864
0 392896
0 392928
0 392960
0 392992
0 393024
0 393056
0 393088
0 393120
0 393152
0 393184
