0 4294443008
0 4294443040
0 4294443072
0 4294443104
0 4294443136
0 4294443168
0 4294443200
0 4294443232
0 4294443264
0 4294443296
0 4294443328
0 4294443360
0 4294443392
0 4294443424
0 4294443456
0 4294443488
1 4293918720
1 4293926912
1 4293935104
1 4293943296
1 4293918752
1 4293926944
1 4293935136
1 4293943328
1 4293918784
1 4293926976
1 4293935168
1 4293943360
1 4293918816
1 4293927008
1 4293935200
1 4293943392
1 4293918848
1 4293927040
1 4293935232
1 4293943424
1 4293918880
1 4293927072
1 4293935264
1 4293943456
1 4293918912
1 4293927104
1 4293935296
1 4293943488
1 4293918944
1 4293927136
1 4293935328
1 4293943520
1 4293918976
1 4293927168
1 4293935360
1 4293943552
1 4293919008
1 4293927200
1 4293935392
1 4293943584
1 4293919040
1 4293927232
1 4293935424
1 4293943616
1 4293919072
1 4293927264
1 4293935456
1 4293943648
1 4293919104
1 4293927296
1 4293935488
1 4293943680
1 4293919136
1 4293927328
1 4293935520
1 4293943712
1 4293919168
1 4293927360
1 4293935552
1 4293943744
1 4293919200
1 4293927392
1 4293935584
1 4293943776
1 4294180864
1 4294180896
1 4294180928
1 4294180960
1 4294180992
1 4294181024
1 4294181056
1 4294181088
1 4294181120
1 4294181152
1 4294181184
1 4294181216
1 4294181248
1 4294181280
1 4294181312
1 4294181344
0 0
0 8192
0 16384
0 24576
0 32768
0 40960
0 49152
0 57344
0 32
0 8224
0 16416
0 24608
0 32800
0 40992
0 49184
0 57376
0 64
0 8256
0 16448
0 24640
0 32832
0 41024
0 49216
0 57408
0 96
0 8288
0 16480
0 24672
0 32864
0 41056
0 49248
0 57440
0 128
0 8320
0 16512
0 24704
0 32896
0 41088
0 49280
0 57472
0 160
0 8352
0 16544
0 24736
0 32928
0 41120
0 49312
0 57504
0 192
0 8384
0 16576
0 24768
0 32960
0 41152
0 49344
0 57536
0 224
0 8416
0 16608
0 24800
0 32992
0 41184
0 49376
0 57568
0 256
0 8448
0 16640
0 24832
0 33024
0 41216
0 49408
0 57600
0 288
0 8480
0 16672
0 24864
0 33056
0 41248
0 49440
0 57632
0 320
0 8512
0 16704
0 24896
0 33088
0 41280
0 49472
0 57664
0 352
0 8544
0 16736
0 24928
0 33120
0 41312
0 49504
0 57696
0 384
0 8576
0 16768
0 24960
0 33152
0 41344
0 49536
0 57728
0 416
0 8608
0 16800
0 24992
0 33184
0 41376
0 49568
0 57760
0 448
0 8640
0 16832
0 25024
0 33216
0 41408
0 49600
0 57792
0 480
0 8672
0 16864
0 25056
0 33248
0 41440
0 49632
0 57824
0 65536
0 73728
0 81920
0 90112
0 98304
0 106496
0 114688
0 122880
0 65568
0 73760
0 81952
0 90144
0 98336
0 106528
0 114720
0 122912
0 65600
0 73792
0 81984
0 90176
0 98368
0 106560
0 114752
0 122944
0 65632
0 73824
0 82016
0 90208
0 98400
0 106592
0 114784
0 122976
0 65664
0 73856
0 82048
0 90240
0 98432
0 106624
0 114816
0 123008
0 65696
0 73888
0 82080
0 90272
0 98464
0 106656
0 114848
0 123040
0 65728
0 73920
0 82112
0 90304
0 98496
0 106688
0 114880
0 123072
0 65760
0 73952
0 82144
0 90336
0 98528
0 106720
0 114912
0 123104
0 65792
0 73984
0 82176
0 90368
0 98560
0 106752
0 114944
0 123136
0 65824
0 74016
0 82208
0 90400
0 98592
0 106784
0 114976
0 123168
0 65856
0 74048
0 82240
0 90432
0 98624
0 106816
0 115008
0 123200
0 65888
0 74080
0 82272
0 90464
0 98656
0 106848
0 115040
0 123232
0 65920
0 74112
0 82304
0 90496
0 98688
0 106880
0 115072
0 123264
0 65952
0 74144
0 82336
0 90528
0 98720
0 106912
0 115104
0 123296
0 65984
0 74176
0 82368
0 90560
0 98752
0 106944
0 115136
0 123328
0 66016
0 74208
0 82400
0 90592
0 98784
0 106976
0 115168
0 123360
1 131072
1 139264
1 147456
1 155648
1 163840
1 172032
1 180224
1 188416
1 131104
1 139296
1 147488
1 155680
1 163872
1 172064
1 180256
1 188448
1 131136
1 139328
1 147520
1 155712
1 163904
1 172096
1 180288
1 188480
1 131168
1 139360
1 147552
1 155744
1 163936
1 172128
1 180320
1 188512
1 131200
1 139392
1 147584
1 155776
1 163968
1 172160
1 180352
1 188544
1 131232
1 139424
1 147616
1 155808
1 164000
1 172192
1 180384
1 188576
1 131264
1 139456
1 147648
1 155840
1 164032
1 172224
1 180416
1 188608
1 131296
1 139488
1 147680
1 155872
1 164064
1 172256
1 180448
1 188640
1 131328
1 139520
1 147712
1 155904
1 164096
1 172288
1 180480
1 188672
1 131360
1 139552
1 147744
1 155936
1 164128
1 172320
1 180512
1 188704
1 131392
1 139584
1 147776
1 155968
1 164160
1 172352
1 180544
1 188736
1 131424
1 139616
1 147808
1 156000
1 164192
1 172384
1 180576
1 188768
1 131456
1 139648
1 147840
1 156032
1 164224
1 172416
1 180608
1 188800
1 131488
1 139680
1 147872
1 156064
1 164256
1 172448
1 180640
1 188832
1 131520
1 139712
1 147904
1 156096
1 164288
1 172480
1 180672
1 188864
1 131552
1 139744
1 147936
1 156128
1 164320
1 172512
1 180704
1 188896
1 4294180864
1 4294180896
1 4294180928
1 4294180960
1 4294180992
1 4294181024
1 4294181056
1 4294181088
1 4294181120
1 4294181152
1 4294181184
1 4294181216
1 4294181248
1 4294181280
1 4294181312
1 4294181344
0 512
0 8704
0 16896
0 25088
0 33280
0 41472
0 49664
0 57856
0 544
0 8736
0 16928
0 25120
0 33312
0 41504
0 49696
0 57888
0 576
0 8768
0 16960
0 25152
0 33344
0 41536
0 49728
0 57920
0 608
0 8800
0 16992
0 25184
0 33376
0 41568
0 49760
0 57952
0 640
0 8832
0 17024
0 25216
0 33408
0 41600
0 49792
0 57984
0 672
0 8864
0 17056
0 25248
0 33440
0 41632
0 49824
0 58016
0 704
0 8896
0 17088
0 25280
0 33472
0 41664
0 49856
0 58048
0 736
0 8928
0 17120
0 25312
0 33504
0 41696
0 49888
0 58080
0 768
0 8960
0 17152
0 25344
0 33536
0 41728
0 49920
0 58112
0 800
0 8992
0 17184
0 25376
0 33568
0 41760
0 49952
0 58144
0 832
0 9024
0 17216
0 25408
0 33600
0 41792
0 49984
0 58176
0 864
0 9056
0 17248
0 25440
0 33632
0 41824
0 50016
0 58208
0 896
0 9088
0 17280
0 25472
0 33664
0 41856
0 50048
0 58240
0 928
0 9120
0 17312
0 25504
0 33696
0 41888
0 50080
0 58272
0 960
0 9152
0 17344
0 25536
0 33728
0 41920
0 50112
0 58304
0 992
0 9184
0 17376
0 25568
0 33760
0 41952
0 50144
0 58336
0 66048
0 74240
0 82432
0 90624
0 98816
0 107008
0 115200
0 123392
0 66080
0 74272
0 82464
0 90656
0 98848
0 107040
0 115232
0 123424
0 66112
0 74304
0 82496
0 90688
0 98880
0 107072
0 115264
0 123456
0 66144
0 74336
0 82528
0 90720
0 98912
0 107104
0 115296
0 123488
0 66176
0 74368
0 82560
0 90752
0 98944
0 107136
0 115328
0 123520
0 66208
0 74400
0 82592
0 90784
0 98976
0 107168
0 115360
0 123552
0 66240
0 74432
0 82624
0 90816
0 99008
0 107200
0 115392
0 123584
0 66272
0 74464
0 82656
0 90848
0 99040
0 107232
0 115424
0 123616
0 66304
0 74496
0 82688
0 90880
0 99072
0 107264
0 115456
0 123648
0 66336
0 74528
0 82720
0 90912
0 99104
0 107296
0 115488
0 123680
0 66368
0 74560
0 82752
0 90944
0 99136
0 107328
0 115520
0 123712
0 66400
0 74592
0 82784
0 90976
0 99168
0 107360
0 115552
0 123744
0 66432
0 74624
0 82816
0 91008
0 99200
0 107392
0 115584
0 123776
0 66464
0 74656
0 82848
0 91040
0 99232
0 107424
0 115616
0 123808
0 66496
0 74688
0 82880
0 91072
0 99264
0 107456
0 115648
0 123840
0 66528
0 74720
0 82912
0 91104
0 99296
0 107488
0 115680
0 123872
1 131584
1 139776
1 147968
1 156160
1 164352
1 172544
1 180736
1 188928
1 131616
1 139808
1 148000
1 156192
1 164384
1 172576
1 180768
1 188960
1 131648
1 139840
1 148032
1 156224
1 164416
1 172608
1 180800
1 188992
1 131680
1 139872
1 148064
1 156256
1 164448
1 172640
1 180832
1 189024
1 131712
1 139904
1 148096
1 156288
1 164480
1 172672
1 180864
1 189056
1 131744
1 139936
1 148128
1 156320
1 164512
1 172704
1 180896
1 189088
1 131776
1 139968
1 148160
1 156352
1 164544
1 172736
1 180928
1 189120
1 131808
1 140000
1 148192
1 156384
1 164576
1 172768
1 180960
1 189152
1 131840
1 140032
1 148224
1 156416
1 164608
1 172800
1 180992
1 189184
1 131872
1 140064
1 148256
1 156448
1 164640
1 172832
1 181024
1 189216
1 131904
1 140096
1 148288
1 156480
1 164672
1 172864
1 181056
1 189248
1 131936
1 140128
1 148320
1 156512
1 164704
1 172896
1 181088
1 189280
1 131968
1 140160
1 148352
1 156544
1 164736
1 172928
1 181120
1 189312
1 132000
1 140192
1 148384
1 156576
1 164768
1 172960
1 181152
1 189344
1 132032
1 140224
1 148416
1 156608
1 164800
1 172992
1 181184
1 189376
1 132064
1 140256
1 148448
1 156640
1 164832
1 173024
1 181216
1 189408
0 4294705152
0 4294705184
0 4294705216
0 4294705248
0 4294705280
0 4294705312
0 4294705344
0 4294705376
0 4294705408
0 4294705440
0 4294705472
0 4294705504
0 4294705536
0 4294705568
0 4294705600
0 4294705632
0 131072
0 131104
0 131136
0 131168
0 131200
0 131232
0 131264
0 131296
0 131328
0 131360
0 131392
0 131424
0 131456
0 131488
0 131520
0 131552
0 131584
0 131616
0 131648
0 131680
0 131712
0 131744
0 131776
0 131808
0 131840
0 131872
0 131904
0 131936
0 131968
0 132000
0 132032
0 132064
0 132096
0 132128
0 132160
0 132192
0 132224
0 132256
0 132288
0 132320
0 132352
0 132384
0 132416
0 132448
0 132480
0 132512
0 132544
0 132576
0 132608
0 132640
0 132672
0 132704
0 132736
0 132768
0 132800
0 132832
0 132864
0 132896
0 132928
0 132960
0 132992
0 133024
0 133056
0 133088
0 133120
0 133152
0 133184
0 133216
0 133248
0 133280
0 133312
0 133344
0 133376
0 133408
0 133440
0 133472
0 133504
0 133536
0 133568
0 133600
0 133632
0 133664
0 133696
0 133728
0 133760
0 133792
0 133824
0 133856
0 133888
0 133920
0 133952
0 133984
0 134016
0 134048
0 134080
0 134112
0 134144
0 134176
0 134208
0 134240
0 134272
0 134304
0 134336
0 134368
0 134400
0 134432
0 134464
0 134496
0 134528
0 134560
0 134592
0 134624
0 134656
0 134688
0 134720
0 134752
0 134784
0 134816
0 134848
0 134880
0 134912
0 134944
0 134976
0 135008
0 135040
0 135072
0 135104
0 135136
0 135168
0 135200
0 135232
0 135264
0 135296
0 135328
0 135360
0 135392
0 135424
0 135456
0 135488
0 135520
0 135552
0 135584
0 135616
0 135648
0 135680
0 135712
0 135744
0 135776
0 135808
0 135840
0 135872
0 135904
0 135936
0 135968
0 136000
0 136032
0 136064
0 136096
0 136128
0 136160
0 136192
0 136224
0 136256
0 136288
0 136320
0 136352
0 136384
0 136416
0 136448
0 136480
0 136512
0 136544
0 136576
0 136608
0 136640
0 136672
0 136704
0 136736
0 136768
0 136800
0 136832
0 136864
0 136896
0 136928
0 136960
0 136992
0 137024
0 137056
0 137088
0 137120
0 137152
0 137184
0 137216
0 137248
0 137280
0 137312
0 137344
0 137376
0 137408
0 137440
0 137472
0 137504
0 137536
0 137568
0 137600
0 137632
0 137664
0 137696
0 137728
0 137760
0 137792
0 137824
0 137856
0 137888
0 137920
0 137952
0 137984
0 138016
0 138048
0 138080
0 138112
0 138144
0 138176
0 138208
0 138240
0 138272
0 138304
0 138336
0 138368
0 138400
0 138432
0 138464
0 138496
0 138528
0 138560
0 138592
0 138624
0 138656
0 138688
0 138720
0 138752
0 138784
0 138816
0 138848
0 138880
0 138912
0 138944
0 138976
0 139008
0 139040
0 139072
0 139104
0 139136
0 139168
0 139200
0 139232
